/*--------------------------------*- C++ -*----------------------------------*\
| =========                 |                                                 |
| \\      /  F ield         | OpenFOAM: The Open Source CFD Toolbox           |
|  \\    /   O peration     | Version:  2.1.1                                 |
|   \\  /    A nd           | Web:      www.OpenFOAM.org                      |
|    \\/     M anipulation  |                                                 |
\*---------------------------------------------------------------------------*/
FoamFile
{
    version     2.0;
    format      ascii;
    class       labelList;
    note        "nPoints: 16640 nCells: 8000 nFaces: 32320 nInternalFaces: 15680";
    location    "constant/polyMesh";
    object      neighbour;
}
// * * * * * * * * * * * * * * * * * * * * * * * * * * * * * * * * * * * * * //


15680
(
1
30
4000
2
31
3
32
4
33
5
34
6
35
7
36
8
37
9
38
10
39
11
40
12
41
13
42
14
43
15
44
16
45
17
46
18
47
19
48
20
49
21
50
22
51
23
52
24
53
25
54
26
55
27
56
28
57
29
58
59
600
31
60
4030
32
61
33
62
34
63
35
64
36
65
37
66
38
67
39
68
40
69
41
70
42
71
43
72
44
73
45
74
46
75
47
76
48
77
49
78
50
79
51
80
52
81
53
82
54
83
55
84
56
85
57
86
58
87
59
88
89
670
61
90
4060
62
91
63
92
64
93
65
94
66
95
67
96
68
97
69
98
70
99
71
100
72
101
73
102
74
103
75
104
76
105
77
106
78
107
79
108
80
109
81
110
82
111
83
112
84
113
85
114
86
115
87
116
88
117
89
118
119
740
91
120
4090
92
121
93
122
94
123
95
124
96
125
97
126
98
127
99
128
100
129
101
130
102
131
103
132
104
133
105
134
106
135
107
136
108
137
109
138
110
139
111
140
112
141
113
142
114
143
115
144
116
145
117
146
118
147
119
148
149
810
121
150
4120
122
151
123
152
124
153
125
154
126
155
127
156
128
157
129
158
130
159
131
160
132
161
133
162
134
163
135
164
136
165
137
166
138
167
139
168
140
169
141
170
142
171
143
172
144
173
145
174
146
175
147
176
148
177
149
178
179
880
151
180
4150
152
181
153
182
154
183
155
184
156
185
157
186
158
187
159
188
160
189
161
190
162
191
163
192
164
193
165
194
166
195
167
196
168
197
169
198
170
199
171
200
172
201
173
202
174
203
175
204
176
205
177
206
178
207
179
208
209
950
181
210
4180
182
211
183
212
184
213
185
214
186
215
187
216
188
217
189
218
190
219
191
220
192
221
193
222
194
223
195
224
196
225
197
226
198
227
199
228
200
229
201
230
202
231
203
232
204
233
205
234
206
235
207
236
208
237
209
238
239
1020
211
240
4210
212
241
213
242
214
243
215
244
216
245
217
246
218
247
219
248
220
249
221
250
222
251
223
252
224
253
225
254
226
255
227
256
228
257
229
258
230
259
231
260
232
261
233
262
234
263
235
264
236
265
237
266
238
267
239
268
269
1090
241
270
4240
242
271
243
272
244
273
245
274
246
275
247
276
248
277
249
278
250
279
251
280
252
281
253
282
254
283
255
284
256
285
257
286
258
287
259
288
260
289
261
290
262
291
263
292
264
293
265
294
266
295
267
296
268
297
269
298
299
1160
271
300
4270
272
301
273
302
274
303
275
304
276
305
277
306
278
307
279
308
280
309
281
310
282
311
283
312
284
313
285
314
286
315
287
316
288
317
289
318
290
319
291
320
292
321
293
322
294
323
295
324
296
325
297
326
298
327
299
328
329
1230
301
330
4300
302
331
303
332
304
333
305
334
306
335
307
336
308
337
309
338
310
339
311
340
312
341
313
342
314
343
315
344
316
345
317
346
318
347
319
348
320
349
321
350
322
351
323
352
324
353
325
354
326
355
327
356
328
357
329
358
359
1300
331
360
4330
332
361
333
362
334
363
335
364
336
365
337
366
338
367
339
368
340
369
341
370
342
371
343
372
344
373
345
374
346
375
347
376
348
377
349
378
350
379
351
380
352
381
353
382
354
383
355
384
356
385
357
386
358
387
359
388
389
1370
361
390
4360
362
391
363
392
364
393
365
394
366
395
367
396
368
397
369
398
370
399
371
400
372
401
373
402
374
403
375
404
376
405
377
406
378
407
379
408
380
409
381
410
382
411
383
412
384
413
385
414
386
415
387
416
388
417
389
418
419
1440
391
420
4390
392
421
393
422
394
423
395
424
396
425
397
426
398
427
399
428
400
429
401
430
402
431
403
432
404
433
405
434
406
435
407
436
408
437
409
438
410
439
411
440
412
441
413
442
414
443
415
444
416
445
417
446
418
447
419
448
449
1510
421
450
4420
422
451
423
452
424
453
425
454
426
455
427
456
428
457
429
458
430
459
431
460
432
461
433
462
434
463
435
464
436
465
437
466
438
467
439
468
440
469
441
470
442
471
443
472
444
473
445
474
446
475
447
476
448
477
449
478
479
1580
451
480
4450
452
481
453
482
454
483
455
484
456
485
457
486
458
487
459
488
460
489
461
490
462
491
463
492
464
493
465
494
466
495
467
496
468
497
469
498
470
499
471
500
472
501
473
502
474
503
475
504
476
505
477
506
478
507
479
508
509
1650
481
510
4480
482
511
483
512
484
513
485
514
486
515
487
516
488
517
489
518
490
519
491
520
492
521
493
522
494
523
495
524
496
525
497
526
498
527
499
528
500
529
501
530
502
531
503
532
504
533
505
534
506
535
507
536
508
537
509
538
539
1720
511
540
4510
512
541
513
542
514
543
515
544
516
545
517
546
518
547
519
548
520
549
521
550
522
551
523
552
524
553
525
554
526
555
527
556
528
557
529
558
530
559
531
560
532
561
533
562
534
563
535
564
536
565
537
566
538
567
539
568
569
1790
541
570
4540
542
571
543
572
544
573
545
574
546
575
547
576
548
577
549
578
550
579
551
580
552
581
553
582
554
583
555
584
556
585
557
586
558
587
559
588
560
589
561
590
562
591
563
592
564
593
565
594
566
595
567
596
568
597
569
598
599
1860
571
4570
572
573
574
575
576
577
578
579
580
581
582
583
584
585
586
587
588
589
590
591
592
593
594
595
596
597
598
599
1930
601
670
602
671
603
672
604
673
605
674
606
675
607
676
608
677
609
678
610
679
611
680
612
681
613
682
614
683
615
684
616
685
617
686
618
687
619
688
620
689
621
690
622
691
623
692
624
693
625
694
626
695
627
696
628
697
629
698
630
699
631
700
632
701
633
702
634
703
635
704
636
705
637
706
638
707
639
708
640
709
641
710
642
711
643
712
644
713
645
714
646
715
647
716
648
717
649
718
650
719
651
720
652
721
653
722
654
723
655
724
656
725
657
726
658
727
659
728
660
729
661
730
662
731
663
732
664
733
665
734
666
735
667
736
668
737
669
738
739
2000
671
740
672
741
673
742
674
743
675
744
676
745
677
746
678
747
679
748
680
749
681
750
682
751
683
752
684
753
685
754
686
755
687
756
688
757
689
758
690
759
691
760
692
761
693
762
694
763
695
764
696
765
697
766
698
767
699
768
700
769
701
770
702
771
703
772
704
773
705
774
706
775
707
776
708
777
709
778
710
779
711
780
712
781
713
782
714
783
715
784
716
785
717
786
718
787
719
788
720
789
721
790
722
791
723
792
724
793
725
794
726
795
727
796
728
797
729
798
730
799
731
800
732
801
733
802
734
803
735
804
736
805
737
806
738
807
739
808
809
2100
741
810
742
811
743
812
744
813
745
814
746
815
747
816
748
817
749
818
750
819
751
820
752
821
753
822
754
823
755
824
756
825
757
826
758
827
759
828
760
829
761
830
762
831
763
832
764
833
765
834
766
835
767
836
768
837
769
838
770
839
771
840
772
841
773
842
774
843
775
844
776
845
777
846
778
847
779
848
780
849
781
850
782
851
783
852
784
853
785
854
786
855
787
856
788
857
789
858
790
859
791
860
792
861
793
862
794
863
795
864
796
865
797
866
798
867
799
868
800
869
801
870
802
871
803
872
804
873
805
874
806
875
807
876
808
877
809
878
879
2200
811
880
812
881
813
882
814
883
815
884
816
885
817
886
818
887
819
888
820
889
821
890
822
891
823
892
824
893
825
894
826
895
827
896
828
897
829
898
830
899
831
900
832
901
833
902
834
903
835
904
836
905
837
906
838
907
839
908
840
909
841
910
842
911
843
912
844
913
845
914
846
915
847
916
848
917
849
918
850
919
851
920
852
921
853
922
854
923
855
924
856
925
857
926
858
927
859
928
860
929
861
930
862
931
863
932
864
933
865
934
866
935
867
936
868
937
869
938
870
939
871
940
872
941
873
942
874
943
875
944
876
945
877
946
878
947
879
948
949
2300
881
950
882
951
883
952
884
953
885
954
886
955
887
956
888
957
889
958
890
959
891
960
892
961
893
962
894
963
895
964
896
965
897
966
898
967
899
968
900
969
901
970
902
971
903
972
904
973
905
974
906
975
907
976
908
977
909
978
910
979
911
980
912
981
913
982
914
983
915
984
916
985
917
986
918
987
919
988
920
989
921
990
922
991
923
992
924
993
925
994
926
995
927
996
928
997
929
998
930
999
931
1000
932
1001
933
1002
934
1003
935
1004
936
1005
937
1006
938
1007
939
1008
940
1009
941
1010
942
1011
943
1012
944
1013
945
1014
946
1015
947
1016
948
1017
949
1018
1019
2400
951
1020
952
1021
953
1022
954
1023
955
1024
956
1025
957
1026
958
1027
959
1028
960
1029
961
1030
962
1031
963
1032
964
1033
965
1034
966
1035
967
1036
968
1037
969
1038
970
1039
971
1040
972
1041
973
1042
974
1043
975
1044
976
1045
977
1046
978
1047
979
1048
980
1049
981
1050
982
1051
983
1052
984
1053
985
1054
986
1055
987
1056
988
1057
989
1058
990
1059
991
1060
992
1061
993
1062
994
1063
995
1064
996
1065
997
1066
998
1067
999
1068
1000
1069
1001
1070
1002
1071
1003
1072
1004
1073
1005
1074
1006
1075
1007
1076
1008
1077
1009
1078
1010
1079
1011
1080
1012
1081
1013
1082
1014
1083
1015
1084
1016
1085
1017
1086
1018
1087
1019
1088
1089
2500
1021
1090
1022
1091
1023
1092
1024
1093
1025
1094
1026
1095
1027
1096
1028
1097
1029
1098
1030
1099
1031
1100
1032
1101
1033
1102
1034
1103
1035
1104
1036
1105
1037
1106
1038
1107
1039
1108
1040
1109
1041
1110
1042
1111
1043
1112
1044
1113
1045
1114
1046
1115
1047
1116
1048
1117
1049
1118
1050
1119
1051
1120
1052
1121
1053
1122
1054
1123
1055
1124
1056
1125
1057
1126
1058
1127
1059
1128
1060
1129
1061
1130
1062
1131
1063
1132
1064
1133
1065
1134
1066
1135
1067
1136
1068
1137
1069
1138
1070
1139
1071
1140
1072
1141
1073
1142
1074
1143
1075
1144
1076
1145
1077
1146
1078
1147
1079
1148
1080
1149
1081
1150
1082
1151
1083
1152
1084
1153
1085
1154
1086
1155
1087
1156
1088
1157
1089
1158
1159
2600
1091
1160
1092
1161
1093
1162
1094
1163
1095
1164
1096
1165
1097
1166
1098
1167
1099
1168
1100
1169
1101
1170
1102
1171
1103
1172
1104
1173
1105
1174
1106
1175
1107
1176
1108
1177
1109
1178
1110
1179
1111
1180
1112
1181
1113
1182
1114
1183
1115
1184
1116
1185
1117
1186
1118
1187
1119
1188
1120
1189
1121
1190
1122
1191
1123
1192
1124
1193
1125
1194
1126
1195
1127
1196
1128
1197
1129
1198
1130
1199
1131
1200
1132
1201
1133
1202
1134
1203
1135
1204
1136
1205
1137
1206
1138
1207
1139
1208
1140
1209
1141
1210
1142
1211
1143
1212
1144
1213
1145
1214
1146
1215
1147
1216
1148
1217
1149
1218
1150
1219
1151
1220
1152
1221
1153
1222
1154
1223
1155
1224
1156
1225
1157
1226
1158
1227
1159
1228
1229
2700
1161
1230
1162
1231
1163
1232
1164
1233
1165
1234
1166
1235
1167
1236
1168
1237
1169
1238
1170
1239
1171
1240
1172
1241
1173
1242
1174
1243
1175
1244
1176
1245
1177
1246
1178
1247
1179
1248
1180
1249
1181
1250
1182
1251
1183
1252
1184
1253
1185
1254
1186
1255
1187
1256
1188
1257
1189
1258
1190
1259
1191
1260
1192
1261
1193
1262
1194
1263
1195
1264
1196
1265
1197
1266
1198
1267
1199
1268
1200
1269
1201
1270
1202
1271
1203
1272
1204
1273
1205
1274
1206
1275
1207
1276
1208
1277
1209
1278
1210
1279
1211
1280
1212
1281
1213
1282
1214
1283
1215
1284
1216
1285
1217
1286
1218
1287
1219
1288
1220
1289
1221
1290
1222
1291
1223
1292
1224
1293
1225
1294
1226
1295
1227
1296
1228
1297
1229
1298
1299
2800
1231
1300
1232
1301
1233
1302
1234
1303
1235
1304
1236
1305
1237
1306
1238
1307
1239
1308
1240
1309
1241
1310
1242
1311
1243
1312
1244
1313
1245
1314
1246
1315
1247
1316
1248
1317
1249
1318
1250
1319
1251
1320
1252
1321
1253
1322
1254
1323
1255
1324
1256
1325
1257
1326
1258
1327
1259
1328
1260
1329
1261
1330
1262
1331
1263
1332
1264
1333
1265
1334
1266
1335
1267
1336
1268
1337
1269
1338
1270
1339
1271
1340
1272
1341
1273
1342
1274
1343
1275
1344
1276
1345
1277
1346
1278
1347
1279
1348
1280
1349
1281
1350
1282
1351
1283
1352
1284
1353
1285
1354
1286
1355
1287
1356
1288
1357
1289
1358
1290
1359
1291
1360
1292
1361
1293
1362
1294
1363
1295
1364
1296
1365
1297
1366
1298
1367
1299
1368
1369
2900
1301
1370
1302
1371
1303
1372
1304
1373
1305
1374
1306
1375
1307
1376
1308
1377
1309
1378
1310
1379
1311
1380
1312
1381
1313
1382
1314
1383
1315
1384
1316
1385
1317
1386
1318
1387
1319
1388
1320
1389
1321
1390
1322
1391
1323
1392
1324
1393
1325
1394
1326
1395
1327
1396
1328
1397
1329
1398
1330
1399
1331
1400
1332
1401
1333
1402
1334
1403
1335
1404
1336
1405
1337
1406
1338
1407
1339
1408
1340
1409
1341
1410
1342
1411
1343
1412
1344
1413
1345
1414
1346
1415
1347
1416
1348
1417
1349
1418
1350
1419
1351
1420
1352
1421
1353
1422
1354
1423
1355
1424
1356
1425
1357
1426
1358
1427
1359
1428
1360
1429
1361
1430
1362
1431
1363
1432
1364
1433
1365
1434
1366
1435
1367
1436
1368
1437
1369
1438
1439
3000
1371
1440
1372
1441
1373
1442
1374
1443
1375
1444
1376
1445
1377
1446
1378
1447
1379
1448
1380
1449
1381
1450
1382
1451
1383
1452
1384
1453
1385
1454
1386
1455
1387
1456
1388
1457
1389
1458
1390
1459
1391
1460
1392
1461
1393
1462
1394
1463
1395
1464
1396
1465
1397
1466
1398
1467
1399
1468
1400
1469
1401
1470
1402
1471
1403
1472
1404
1473
1405
1474
1406
1475
1407
1476
1408
1477
1409
1478
1410
1479
1411
1480
1412
1481
1413
1482
1414
1483
1415
1484
1416
1485
1417
1486
1418
1487
1419
1488
1420
1489
1421
1490
1422
1491
1423
1492
1424
1493
1425
1494
1426
1495
1427
1496
1428
1497
1429
1498
1430
1499
1431
1500
1432
1501
1433
1502
1434
1503
1435
1504
1436
1505
1437
1506
1438
1507
1439
1508
1509
3100
1441
1510
1442
1511
1443
1512
1444
1513
1445
1514
1446
1515
1447
1516
1448
1517
1449
1518
1450
1519
1451
1520
1452
1521
1453
1522
1454
1523
1455
1524
1456
1525
1457
1526
1458
1527
1459
1528
1460
1529
1461
1530
1462
1531
1463
1532
1464
1533
1465
1534
1466
1535
1467
1536
1468
1537
1469
1538
1470
1539
1471
1540
1472
1541
1473
1542
1474
1543
1475
1544
1476
1545
1477
1546
1478
1547
1479
1548
1480
1549
1481
1550
1482
1551
1483
1552
1484
1553
1485
1554
1486
1555
1487
1556
1488
1557
1489
1558
1490
1559
1491
1560
1492
1561
1493
1562
1494
1563
1495
1564
1496
1565
1497
1566
1498
1567
1499
1568
1500
1569
1501
1570
1502
1571
1503
1572
1504
1573
1505
1574
1506
1575
1507
1576
1508
1577
1509
1578
1579
3200
1511
1580
1512
1581
1513
1582
1514
1583
1515
1584
1516
1585
1517
1586
1518
1587
1519
1588
1520
1589
1521
1590
1522
1591
1523
1592
1524
1593
1525
1594
1526
1595
1527
1596
1528
1597
1529
1598
1530
1599
1531
1600
1532
1601
1533
1602
1534
1603
1535
1604
1536
1605
1537
1606
1538
1607
1539
1608
1540
1609
1541
1610
1542
1611
1543
1612
1544
1613
1545
1614
1546
1615
1547
1616
1548
1617
1549
1618
1550
1619
1551
1620
1552
1621
1553
1622
1554
1623
1555
1624
1556
1625
1557
1626
1558
1627
1559
1628
1560
1629
1561
1630
1562
1631
1563
1632
1564
1633
1565
1634
1566
1635
1567
1636
1568
1637
1569
1638
1570
1639
1571
1640
1572
1641
1573
1642
1574
1643
1575
1644
1576
1645
1577
1646
1578
1647
1579
1648
1649
3300
1581
1650
1582
1651
1583
1652
1584
1653
1585
1654
1586
1655
1587
1656
1588
1657
1589
1658
1590
1659
1591
1660
1592
1661
1593
1662
1594
1663
1595
1664
1596
1665
1597
1666
1598
1667
1599
1668
1600
1669
1601
1670
1602
1671
1603
1672
1604
1673
1605
1674
1606
1675
1607
1676
1608
1677
1609
1678
1610
1679
1611
1680
1612
1681
1613
1682
1614
1683
1615
1684
1616
1685
1617
1686
1618
1687
1619
1688
1620
1689
1621
1690
1622
1691
1623
1692
1624
1693
1625
1694
1626
1695
1627
1696
1628
1697
1629
1698
1630
1699
1631
1700
1632
1701
1633
1702
1634
1703
1635
1704
1636
1705
1637
1706
1638
1707
1639
1708
1640
1709
1641
1710
1642
1711
1643
1712
1644
1713
1645
1714
1646
1715
1647
1716
1648
1717
1649
1718
1719
3400
1651
1720
1652
1721
1653
1722
1654
1723
1655
1724
1656
1725
1657
1726
1658
1727
1659
1728
1660
1729
1661
1730
1662
1731
1663
1732
1664
1733
1665
1734
1666
1735
1667
1736
1668
1737
1669
1738
1670
1739
1671
1740
1672
1741
1673
1742
1674
1743
1675
1744
1676
1745
1677
1746
1678
1747
1679
1748
1680
1749
1681
1750
1682
1751
1683
1752
1684
1753
1685
1754
1686
1755
1687
1756
1688
1757
1689
1758
1690
1759
1691
1760
1692
1761
1693
1762
1694
1763
1695
1764
1696
1765
1697
1766
1698
1767
1699
1768
1700
1769
1701
1770
1702
1771
1703
1772
1704
1773
1705
1774
1706
1775
1707
1776
1708
1777
1709
1778
1710
1779
1711
1780
1712
1781
1713
1782
1714
1783
1715
1784
1716
1785
1717
1786
1718
1787
1719
1788
1789
3500
1721
1790
1722
1791
1723
1792
1724
1793
1725
1794
1726
1795
1727
1796
1728
1797
1729
1798
1730
1799
1731
1800
1732
1801
1733
1802
1734
1803
1735
1804
1736
1805
1737
1806
1738
1807
1739
1808
1740
1809
1741
1810
1742
1811
1743
1812
1744
1813
1745
1814
1746
1815
1747
1816
1748
1817
1749
1818
1750
1819
1751
1820
1752
1821
1753
1822
1754
1823
1755
1824
1756
1825
1757
1826
1758
1827
1759
1828
1760
1829
1761
1830
1762
1831
1763
1832
1764
1833
1765
1834
1766
1835
1767
1836
1768
1837
1769
1838
1770
1839
1771
1840
1772
1841
1773
1842
1774
1843
1775
1844
1776
1845
1777
1846
1778
1847
1779
1848
1780
1849
1781
1850
1782
1851
1783
1852
1784
1853
1785
1854
1786
1855
1787
1856
1788
1857
1789
1858
1859
3600
1791
1860
1792
1861
1793
1862
1794
1863
1795
1864
1796
1865
1797
1866
1798
1867
1799
1868
1800
1869
1801
1870
1802
1871
1803
1872
1804
1873
1805
1874
1806
1875
1807
1876
1808
1877
1809
1878
1810
1879
1811
1880
1812
1881
1813
1882
1814
1883
1815
1884
1816
1885
1817
1886
1818
1887
1819
1888
1820
1889
1821
1890
1822
1891
1823
1892
1824
1893
1825
1894
1826
1895
1827
1896
1828
1897
1829
1898
1830
1899
1831
1900
1832
1901
1833
1902
1834
1903
1835
1904
1836
1905
1837
1906
1838
1907
1839
1908
1840
1909
1841
1910
1842
1911
1843
1912
1844
1913
1845
1914
1846
1915
1847
1916
1848
1917
1849
1918
1850
1919
1851
1920
1852
1921
1853
1922
1854
1923
1855
1924
1856
1925
1857
1926
1858
1927
1859
1928
1929
3700
1861
1930
1862
1931
1863
1932
1864
1933
1865
1934
1866
1935
1867
1936
1868
1937
1869
1938
1870
1939
1871
1940
1872
1941
1873
1942
1874
1943
1875
1944
1876
1945
1877
1946
1878
1947
1879
1948
1880
1949
1881
1950
1882
1951
1883
1952
1884
1953
1885
1954
1886
1955
1887
1956
1888
1957
1889
1958
1890
1959
1891
1960
1892
1961
1893
1962
1894
1963
1895
1964
1896
1965
1897
1966
1898
1967
1899
1968
1900
1969
1901
1970
1902
1971
1903
1972
1904
1973
1905
1974
1906
1975
1907
1976
1908
1977
1909
1978
1910
1979
1911
1980
1912
1981
1913
1982
1914
1983
1915
1984
1916
1985
1917
1986
1918
1987
1919
1988
1920
1989
1921
1990
1922
1991
1923
1992
1924
1993
1925
1994
1926
1995
1927
1996
1928
1997
1929
1998
1999
3800
1931
1932
1933
1934
1935
1936
1937
1938
1939
1940
1941
1942
1943
1944
1945
1946
1947
1948
1949
1950
1951
1952
1953
1954
1955
1956
1957
1958
1959
1960
1961
1962
1963
1964
1965
1966
1967
1968
1969
1970
1971
1972
1973
1974
1975
1976
1977
1978
1979
1980
1981
1982
1983
1984
1985
1986
1987
1988
1989
1990
1991
1992
1993
1994
1995
1996
1997
1998
1999
3900
2001
2100
6000
2002
2101
6001
2003
2102
6002
2004
2103
6003
2005
2104
6004
2006
2105
6005
2007
2106
6006
2008
2107
6007
2009
2108
6008
2010
2109
6009
2011
2110
6010
2012
2111
6011
2013
2112
6012
2014
2113
6013
2015
2114
6014
2016
2115
6015
2017
2116
6016
2018
2117
6017
2019
2118
6018
2020
2119
6019
2021
2120
6020
2022
2121
6021
2023
2122
6022
2024
2123
6023
2025
2124
6024
2026
2125
6025
2027
2126
6026
2028
2127
6027
2029
2128
6028
2030
2129
6029
2031
2130
6030
2032
2131
6031
2033
2132
6032
2034
2133
6033
2035
2134
6034
2036
2135
6035
2037
2136
6036
2038
2137
6037
2039
2138
6038
2040
2139
6039
2041
2140
6040
2042
2141
6041
2043
2142
6042
2044
2143
6043
2045
2144
6044
2046
2145
6045
2047
2146
6046
2048
2147
6047
2049
2148
6048
2050
2149
6049
2051
2150
6050
2052
2151
6051
2053
2152
6052
2054
2153
6053
2055
2154
6054
2056
2155
6055
2057
2156
6056
2058
2157
6057
2059
2158
6058
2060
2159
6059
2061
2160
6060
2062
2161
6061
2063
2162
6062
2064
2163
6063
2065
2164
6064
2066
2165
6065
2067
2166
6066
2068
2167
6067
2069
2168
6068
2070
2169
6069
2071
2170
6070
2072
2171
6071
2073
2172
6072
2074
2173
6073
2075
2174
6074
2076
2175
6075
2077
2176
6076
2078
2177
6077
2079
2178
6078
2080
2179
6079
2081
2180
6080
2082
2181
6081
2083
2182
6082
2084
2183
6083
2085
2184
6084
2086
2185
6085
2087
2186
6086
2088
2187
6087
2089
2188
6088
2090
2189
6089
2091
2190
6090
2092
2191
6091
2093
2192
6092
2094
2193
6093
2095
2194
6094
2096
2195
6095
2097
2196
6096
2098
2197
6097
2099
2198
6098
2199
6099
2101
2200
2102
2201
2103
2202
2104
2203
2105
2204
2106
2205
2107
2206
2108
2207
2109
2208
2110
2209
2111
2210
2112
2211
2113
2212
2114
2213
2115
2214
2116
2215
2117
2216
2118
2217
2119
2218
2120
2219
2121
2220
2122
2221
2123
2222
2124
2223
2125
2224
2126
2225
2127
2226
2128
2227
2129
2228
2130
2229
2131
2230
2132
2231
2133
2232
2134
2233
2135
2234
2136
2235
2137
2236
2138
2237
2139
2238
2140
2239
2141
2240
2142
2241
2143
2242
2144
2243
2145
2244
2146
2245
2147
2246
2148
2247
2149
2248
2150
2249
2151
2250
2152
2251
2153
2252
2154
2253
2155
2254
2156
2255
2157
2256
2158
2257
2159
2258
2160
2259
2161
2260
2162
2261
2163
2262
2164
2263
2165
2264
2166
2265
2167
2266
2168
2267
2169
2268
2170
2269
2171
2270
2172
2271
2173
2272
2174
2273
2175
2274
2176
2275
2177
2276
2178
2277
2179
2278
2180
2279
2181
2280
2182
2281
2183
2282
2184
2283
2185
2284
2186
2285
2187
2286
2188
2287
2189
2288
2190
2289
2191
2290
2192
2291
2193
2292
2194
2293
2195
2294
2196
2295
2197
2296
2198
2297
2199
2298
2299
2201
2300
2202
2301
2203
2302
2204
2303
2205
2304
2206
2305
2207
2306
2208
2307
2209
2308
2210
2309
2211
2310
2212
2311
2213
2312
2214
2313
2215
2314
2216
2315
2217
2316
2218
2317
2219
2318
2220
2319
2221
2320
2222
2321
2223
2322
2224
2323
2225
2324
2226
2325
2227
2326
2228
2327
2229
2328
2230
2329
2231
2330
2232
2331
2233
2332
2234
2333
2235
2334
2236
2335
2237
2336
2238
2337
2239
2338
2240
2339
2241
2340
2242
2341
2243
2342
2244
2343
2245
2344
2246
2345
2247
2346
2248
2347
2249
2348
2250
2349
2251
2350
2252
2351
2253
2352
2254
2353
2255
2354
2256
2355
2257
2356
2258
2357
2259
2358
2260
2359
2261
2360
2262
2361
2263
2362
2264
2363
2265
2364
2266
2365
2267
2366
2268
2367
2269
2368
2270
2369
2271
2370
2272
2371
2273
2372
2274
2373
2275
2374
2276
2375
2277
2376
2278
2377
2279
2378
2280
2379
2281
2380
2282
2381
2283
2382
2284
2383
2285
2384
2286
2385
2287
2386
2288
2387
2289
2388
2290
2389
2291
2390
2292
2391
2293
2392
2294
2393
2295
2394
2296
2395
2297
2396
2298
2397
2299
2398
2399
2301
2400
2302
2401
2303
2402
2304
2403
2305
2404
2306
2405
2307
2406
2308
2407
2309
2408
2310
2409
2311
2410
2312
2411
2313
2412
2314
2413
2315
2414
2316
2415
2317
2416
2318
2417
2319
2418
2320
2419
2321
2420
2322
2421
2323
2422
2324
2423
2325
2424
2326
2425
2327
2426
2328
2427
2329
2428
2330
2429
2331
2430
2332
2431
2333
2432
2334
2433
2335
2434
2336
2435
2337
2436
2338
2437
2339
2438
2340
2439
2341
2440
2342
2441
2343
2442
2344
2443
2345
2444
2346
2445
2347
2446
2348
2447
2349
2448
2350
2449
2351
2450
2352
2451
2353
2452
2354
2453
2355
2454
2356
2455
2357
2456
2358
2457
2359
2458
2360
2459
2361
2460
2362
2461
2363
2462
2364
2463
2365
2464
2366
2465
2367
2466
2368
2467
2369
2468
2370
2469
2371
2470
2372
2471
2373
2472
2374
2473
2375
2474
2376
2475
2377
2476
2378
2477
2379
2478
2380
2479
2381
2480
2382
2481
2383
2482
2384
2483
2385
2484
2386
2485
2387
2486
2388
2487
2389
2488
2390
2489
2391
2490
2392
2491
2393
2492
2394
2493
2395
2494
2396
2495
2397
2496
2398
2497
2399
2498
2499
2401
2500
2402
2501
2403
2502
2404
2503
2405
2504
2406
2505
2407
2506
2408
2507
2409
2508
2410
2509
2411
2510
2412
2511
2413
2512
2414
2513
2415
2514
2416
2515
2417
2516
2418
2517
2419
2518
2420
2519
2421
2520
2422
2521
2423
2522
2424
2523
2425
2524
2426
2525
2427
2526
2428
2527
2429
2528
2430
2529
2431
2530
2432
2531
2433
2532
2434
2533
2435
2534
2436
2535
2437
2536
2438
2537
2439
2538
2440
2539
2441
2540
2442
2541
2443
2542
2444
2543
2445
2544
2446
2545
2447
2546
2448
2547
2449
2548
2450
2549
2451
2550
2452
2551
2453
2552
2454
2553
2455
2554
2456
2555
2457
2556
2458
2557
2459
2558
2460
2559
2461
2560
2462
2561
2463
2562
2464
2563
2465
2564
2466
2565
2467
2566
2468
2567
2469
2568
2470
2569
2471
2570
2472
2571
2473
2572
2474
2573
2475
2574
2476
2575
2477
2576
2478
2577
2479
2578
2480
2579
2481
2580
2482
2581
2483
2582
2484
2583
2485
2584
2486
2585
2487
2586
2488
2587
2489
2588
2490
2589
2491
2590
2492
2591
2493
2592
2494
2593
2495
2594
2496
2595
2497
2596
2498
2597
2499
2598
2599
2501
2600
2502
2601
2503
2602
2504
2603
2505
2604
2506
2605
2507
2606
2508
2607
2509
2608
2510
2609
2511
2610
2512
2611
2513
2612
2514
2613
2515
2614
2516
2615
2517
2616
2518
2617
2519
2618
2520
2619
2521
2620
2522
2621
2523
2622
2524
2623
2525
2624
2526
2625
2527
2626
2528
2627
2529
2628
2530
2629
2531
2630
2532
2631
2533
2632
2534
2633
2535
2634
2536
2635
2537
2636
2538
2637
2539
2638
2540
2639
2541
2640
2542
2641
2543
2642
2544
2643
2545
2644
2546
2645
2547
2646
2548
2647
2549
2648
2550
2649
2551
2650
2552
2651
2553
2652
2554
2653
2555
2654
2556
2655
2557
2656
2558
2657
2559
2658
2560
2659
2561
2660
2562
2661
2563
2662
2564
2663
2565
2664
2566
2665
2567
2666
2568
2667
2569
2668
2570
2669
2571
2670
2572
2671
2573
2672
2574
2673
2575
2674
2576
2675
2577
2676
2578
2677
2579
2678
2580
2679
2581
2680
2582
2681
2583
2682
2584
2683
2585
2684
2586
2685
2587
2686
2588
2687
2589
2688
2590
2689
2591
2690
2592
2691
2593
2692
2594
2693
2595
2694
2596
2695
2597
2696
2598
2697
2599
2698
2699
2601
2700
2602
2701
2603
2702
2604
2703
2605
2704
2606
2705
2607
2706
2608
2707
2609
2708
2610
2709
2611
2710
2612
2711
2613
2712
2614
2713
2615
2714
2616
2715
2617
2716
2618
2717
2619
2718
2620
2719
2621
2720
2622
2721
2623
2722
2624
2723
2625
2724
2626
2725
2627
2726
2628
2727
2629
2728
2630
2729
2631
2730
2632
2731
2633
2732
2634
2733
2635
2734
2636
2735
2637
2736
2638
2737
2639
2738
2640
2739
2641
2740
2642
2741
2643
2742
2644
2743
2645
2744
2646
2745
2647
2746
2648
2747
2649
2748
2650
2749
2651
2750
2652
2751
2653
2752
2654
2753
2655
2754
2656
2755
2657
2756
2658
2757
2659
2758
2660
2759
2661
2760
2662
2761
2663
2762
2664
2763
2665
2764
2666
2765
2667
2766
2668
2767
2669
2768
2670
2769
2671
2770
2672
2771
2673
2772
2674
2773
2675
2774
2676
2775
2677
2776
2678
2777
2679
2778
2680
2779
2681
2780
2682
2781
2683
2782
2684
2783
2685
2784
2686
2785
2687
2786
2688
2787
2689
2788
2690
2789
2691
2790
2692
2791
2693
2792
2694
2793
2695
2794
2696
2795
2697
2796
2698
2797
2699
2798
2799
2701
2800
2702
2801
2703
2802
2704
2803
2705
2804
2706
2805
2707
2806
2708
2807
2709
2808
2710
2809
2711
2810
2712
2811
2713
2812
2714
2813
2715
2814
2716
2815
2717
2816
2718
2817
2719
2818
2720
2819
2721
2820
2722
2821
2723
2822
2724
2823
2725
2824
2726
2825
2727
2826
2728
2827
2729
2828
2730
2829
2731
2830
2732
2831
2733
2832
2734
2833
2735
2834
2736
2835
2737
2836
2738
2837
2739
2838
2740
2839
2741
2840
2742
2841
2743
2842
2744
2843
2745
2844
2746
2845
2747
2846
2748
2847
2749
2848
2750
2849
2751
2850
2752
2851
2753
2852
2754
2853
2755
2854
2756
2855
2757
2856
2758
2857
2759
2858
2760
2859
2761
2860
2762
2861
2763
2862
2764
2863
2765
2864
2766
2865
2767
2866
2768
2867
2769
2868
2770
2869
2771
2870
2772
2871
2773
2872
2774
2873
2775
2874
2776
2875
2777
2876
2778
2877
2779
2878
2780
2879
2781
2880
2782
2881
2783
2882
2784
2883
2785
2884
2786
2885
2787
2886
2788
2887
2789
2888
2790
2889
2791
2890
2792
2891
2793
2892
2794
2893
2795
2894
2796
2895
2797
2896
2798
2897
2799
2898
2899
2801
2900
2802
2901
2803
2902
2804
2903
2805
2904
2806
2905
2807
2906
2808
2907
2809
2908
2810
2909
2811
2910
2812
2911
2813
2912
2814
2913
2815
2914
2816
2915
2817
2916
2818
2917
2819
2918
2820
2919
2821
2920
2822
2921
2823
2922
2824
2923
2825
2924
2826
2925
2827
2926
2828
2927
2829
2928
2830
2929
2831
2930
2832
2931
2833
2932
2834
2933
2835
2934
2836
2935
2837
2936
2838
2937
2839
2938
2840
2939
2841
2940
2842
2941
2843
2942
2844
2943
2845
2944
2846
2945
2847
2946
2848
2947
2849
2948
2850
2949
2851
2950
2852
2951
2853
2952
2854
2953
2855
2954
2856
2955
2857
2956
2858
2957
2859
2958
2860
2959
2861
2960
2862
2961
2863
2962
2864
2963
2865
2964
2866
2965
2867
2966
2868
2967
2869
2968
2870
2969
2871
2970
2872
2971
2873
2972
2874
2973
2875
2974
2876
2975
2877
2976
2878
2977
2879
2978
2880
2979
2881
2980
2882
2981
2883
2982
2884
2983
2885
2984
2886
2985
2887
2986
2888
2987
2889
2988
2890
2989
2891
2990
2892
2991
2893
2992
2894
2993
2895
2994
2896
2995
2897
2996
2898
2997
2899
2998
2999
2901
3000
2902
3001
2903
3002
2904
3003
2905
3004
2906
3005
2907
3006
2908
3007
2909
3008
2910
3009
2911
3010
2912
3011
2913
3012
2914
3013
2915
3014
2916
3015
2917
3016
2918
3017
2919
3018
2920
3019
2921
3020
2922
3021
2923
3022
2924
3023
2925
3024
2926
3025
2927
3026
2928
3027
2929
3028
2930
3029
2931
3030
2932
3031
2933
3032
2934
3033
2935
3034
2936
3035
2937
3036
2938
3037
2939
3038
2940
3039
2941
3040
2942
3041
2943
3042
2944
3043
2945
3044
2946
3045
2947
3046
2948
3047
2949
3048
2950
3049
2951
3050
2952
3051
2953
3052
2954
3053
2955
3054
2956
3055
2957
3056
2958
3057
2959
3058
2960
3059
2961
3060
2962
3061
2963
3062
2964
3063
2965
3064
2966
3065
2967
3066
2968
3067
2969
3068
2970
3069
2971
3070
2972
3071
2973
3072
2974
3073
2975
3074
2976
3075
2977
3076
2978
3077
2979
3078
2980
3079
2981
3080
2982
3081
2983
3082
2984
3083
2985
3084
2986
3085
2987
3086
2988
3087
2989
3088
2990
3089
2991
3090
2992
3091
2993
3092
2994
3093
2995
3094
2996
3095
2997
3096
2998
3097
2999
3098
3099
3001
3100
3002
3101
3003
3102
3004
3103
3005
3104
3006
3105
3007
3106
3008
3107
3009
3108
3010
3109
3011
3110
3012
3111
3013
3112
3014
3113
3015
3114
3016
3115
3017
3116
3018
3117
3019
3118
3020
3119
3021
3120
3022
3121
3023
3122
3024
3123
3025
3124
3026
3125
3027
3126
3028
3127
3029
3128
3030
3129
3031
3130
3032
3131
3033
3132
3034
3133
3035
3134
3036
3135
3037
3136
3038
3137
3039
3138
3040
3139
3041
3140
3042
3141
3043
3142
3044
3143
3045
3144
3046
3145
3047
3146
3048
3147
3049
3148
3050
3149
3051
3150
3052
3151
3053
3152
3054
3153
3055
3154
3056
3155
3057
3156
3058
3157
3059
3158
3060
3159
3061
3160
3062
3161
3063
3162
3064
3163
3065
3164
3066
3165
3067
3166
3068
3167
3069
3168
3070
3169
3071
3170
3072
3171
3073
3172
3074
3173
3075
3174
3076
3175
3077
3176
3078
3177
3079
3178
3080
3179
3081
3180
3082
3181
3083
3182
3084
3183
3085
3184
3086
3185
3087
3186
3088
3187
3089
3188
3090
3189
3091
3190
3092
3191
3093
3192
3094
3193
3095
3194
3096
3195
3097
3196
3098
3197
3099
3198
3199
3101
3200
3102
3201
3103
3202
3104
3203
3105
3204
3106
3205
3107
3206
3108
3207
3109
3208
3110
3209
3111
3210
3112
3211
3113
3212
3114
3213
3115
3214
3116
3215
3117
3216
3118
3217
3119
3218
3120
3219
3121
3220
3122
3221
3123
3222
3124
3223
3125
3224
3126
3225
3127
3226
3128
3227
3129
3228
3130
3229
3131
3230
3132
3231
3133
3232
3134
3233
3135
3234
3136
3235
3137
3236
3138
3237
3139
3238
3140
3239
3141
3240
3142
3241
3143
3242
3144
3243
3145
3244
3146
3245
3147
3246
3148
3247
3149
3248
3150
3249
3151
3250
3152
3251
3153
3252
3154
3253
3155
3254
3156
3255
3157
3256
3158
3257
3159
3258
3160
3259
3161
3260
3162
3261
3163
3262
3164
3263
3165
3264
3166
3265
3167
3266
3168
3267
3169
3268
3170
3269
3171
3270
3172
3271
3173
3272
3174
3273
3175
3274
3176
3275
3177
3276
3178
3277
3179
3278
3180
3279
3181
3280
3182
3281
3183
3282
3184
3283
3185
3284
3186
3285
3187
3286
3188
3287
3189
3288
3190
3289
3191
3290
3192
3291
3193
3292
3194
3293
3195
3294
3196
3295
3197
3296
3198
3297
3199
3298
3299
3201
3300
3202
3301
3203
3302
3204
3303
3205
3304
3206
3305
3207
3306
3208
3307
3209
3308
3210
3309
3211
3310
3212
3311
3213
3312
3214
3313
3215
3314
3216
3315
3217
3316
3218
3317
3219
3318
3220
3319
3221
3320
3222
3321
3223
3322
3224
3323
3225
3324
3226
3325
3227
3326
3228
3327
3229
3328
3230
3329
3231
3330
3232
3331
3233
3332
3234
3333
3235
3334
3236
3335
3237
3336
3238
3337
3239
3338
3240
3339
3241
3340
3242
3341
3243
3342
3244
3343
3245
3344
3246
3345
3247
3346
3248
3347
3249
3348
3250
3349
3251
3350
3252
3351
3253
3352
3254
3353
3255
3354
3256
3355
3257
3356
3258
3357
3259
3358
3260
3359
3261
3360
3262
3361
3263
3362
3264
3363
3265
3364
3266
3365
3267
3366
3268
3367
3269
3368
3270
3369
3271
3370
3272
3371
3273
3372
3274
3373
3275
3374
3276
3375
3277
3376
3278
3377
3279
3378
3280
3379
3281
3380
3282
3381
3283
3382
3284
3383
3285
3384
3286
3385
3287
3386
3288
3387
3289
3388
3290
3389
3291
3390
3292
3391
3293
3392
3294
3393
3295
3394
3296
3395
3297
3396
3298
3397
3299
3398
3399
3301
3400
3302
3401
3303
3402
3304
3403
3305
3404
3306
3405
3307
3406
3308
3407
3309
3408
3310
3409
3311
3410
3312
3411
3313
3412
3314
3413
3315
3414
3316
3415
3317
3416
3318
3417
3319
3418
3320
3419
3321
3420
3322
3421
3323
3422
3324
3423
3325
3424
3326
3425
3327
3426
3328
3427
3329
3428
3330
3429
3331
3430
3332
3431
3333
3432
3334
3433
3335
3434
3336
3435
3337
3436
3338
3437
3339
3438
3340
3439
3341
3440
3342
3441
3343
3442
3344
3443
3345
3444
3346
3445
3347
3446
3348
3447
3349
3448
3350
3449
3351
3450
3352
3451
3353
3452
3354
3453
3355
3454
3356
3455
3357
3456
3358
3457
3359
3458
3360
3459
3361
3460
3362
3461
3363
3462
3364
3463
3365
3464
3366
3465
3367
3466
3368
3467
3369
3468
3370
3469
3371
3470
3372
3471
3373
3472
3374
3473
3375
3474
3376
3475
3377
3476
3378
3477
3379
3478
3380
3479
3381
3480
3382
3481
3383
3482
3384
3483
3385
3484
3386
3485
3387
3486
3388
3487
3389
3488
3390
3489
3391
3490
3392
3491
3393
3492
3394
3493
3395
3494
3396
3495
3397
3496
3398
3497
3399
3498
3499
3401
3500
3402
3501
3403
3502
3404
3503
3405
3504
3406
3505
3407
3506
3408
3507
3409
3508
3410
3509
3411
3510
3412
3511
3413
3512
3414
3513
3415
3514
3416
3515
3417
3516
3418
3517
3419
3518
3420
3519
3421
3520
3422
3521
3423
3522
3424
3523
3425
3524
3426
3525
3427
3526
3428
3527
3429
3528
3430
3529
3431
3530
3432
3531
3433
3532
3434
3533
3435
3534
3436
3535
3437
3536
3438
3537
3439
3538
3440
3539
3441
3540
3442
3541
3443
3542
3444
3543
3445
3544
3446
3545
3447
3546
3448
3547
3449
3548
3450
3549
3451
3550
3452
3551
3453
3552
3454
3553
3455
3554
3456
3555
3457
3556
3458
3557
3459
3558
3460
3559
3461
3560
3462
3561
3463
3562
3464
3563
3465
3564
3466
3565
3467
3566
3468
3567
3469
3568
3470
3569
3471
3570
3472
3571
3473
3572
3474
3573
3475
3574
3476
3575
3477
3576
3478
3577
3479
3578
3480
3579
3481
3580
3482
3581
3483
3582
3484
3583
3485
3584
3486
3585
3487
3586
3488
3587
3489
3588
3490
3589
3491
3590
3492
3591
3493
3592
3494
3593
3495
3594
3496
3595
3497
3596
3498
3597
3499
3598
3599
3501
3600
3502
3601
3503
3602
3504
3603
3505
3604
3506
3605
3507
3606
3508
3607
3509
3608
3510
3609
3511
3610
3512
3611
3513
3612
3514
3613
3515
3614
3516
3615
3517
3616
3518
3617
3519
3618
3520
3619
3521
3620
3522
3621
3523
3622
3524
3623
3525
3624
3526
3625
3527
3626
3528
3627
3529
3628
3530
3629
3531
3630
3532
3631
3533
3632
3534
3633
3535
3634
3536
3635
3537
3636
3538
3637
3539
3638
3540
3639
3541
3640
3542
3641
3543
3642
3544
3643
3545
3644
3546
3645
3547
3646
3548
3647
3549
3648
3550
3649
3551
3650
3552
3651
3553
3652
3554
3653
3555
3654
3556
3655
3557
3656
3558
3657
3559
3658
3560
3659
3561
3660
3562
3661
3563
3662
3564
3663
3565
3664
3566
3665
3567
3666
3568
3667
3569
3668
3570
3669
3571
3670
3572
3671
3573
3672
3574
3673
3575
3674
3576
3675
3577
3676
3578
3677
3579
3678
3580
3679
3581
3680
3582
3681
3583
3682
3584
3683
3585
3684
3586
3685
3587
3686
3588
3687
3589
3688
3590
3689
3591
3690
3592
3691
3593
3692
3594
3693
3595
3694
3596
3695
3597
3696
3598
3697
3599
3698
3699
3601
3700
3602
3701
3603
3702
3604
3703
3605
3704
3606
3705
3607
3706
3608
3707
3609
3708
3610
3709
3611
3710
3612
3711
3613
3712
3614
3713
3615
3714
3616
3715
3617
3716
3618
3717
3619
3718
3620
3719
3621
3720
3622
3721
3623
3722
3624
3723
3625
3724
3626
3725
3627
3726
3628
3727
3629
3728
3630
3729
3631
3730
3632
3731
3633
3732
3634
3733
3635
3734
3636
3735
3637
3736
3638
3737
3639
3738
3640
3739
3641
3740
3642
3741
3643
3742
3644
3743
3645
3744
3646
3745
3647
3746
3648
3747
3649
3748
3650
3749
3651
3750
3652
3751
3653
3752
3654
3753
3655
3754
3656
3755
3657
3756
3658
3757
3659
3758
3660
3759
3661
3760
3662
3761
3663
3762
3664
3763
3665
3764
3666
3765
3667
3766
3668
3767
3669
3768
3670
3769
3671
3770
3672
3771
3673
3772
3674
3773
3675
3774
3676
3775
3677
3776
3678
3777
3679
3778
3680
3779
3681
3780
3682
3781
3683
3782
3684
3783
3685
3784
3686
3785
3687
3786
3688
3787
3689
3788
3690
3789
3691
3790
3692
3791
3693
3792
3694
3793
3695
3794
3696
3795
3697
3796
3698
3797
3699
3798
3799
3701
3800
3702
3801
3703
3802
3704
3803
3705
3804
3706
3805
3707
3806
3708
3807
3709
3808
3710
3809
3711
3810
3712
3811
3713
3812
3714
3813
3715
3814
3716
3815
3717
3816
3718
3817
3719
3818
3720
3819
3721
3820
3722
3821
3723
3822
3724
3823
3725
3824
3726
3825
3727
3826
3728
3827
3729
3828
3730
3829
3731
3830
3732
3831
3733
3832
3734
3833
3735
3834
3736
3835
3737
3836
3738
3837
3739
3838
3740
3839
3741
3840
3742
3841
3743
3842
3744
3843
3745
3844
3746
3845
3747
3846
3748
3847
3749
3848
3750
3849
3751
3850
3752
3851
3753
3852
3754
3853
3755
3854
3756
3855
3757
3856
3758
3857
3759
3858
3760
3859
3761
3860
3762
3861
3763
3862
3764
3863
3765
3864
3766
3865
3767
3866
3768
3867
3769
3868
3770
3869
3771
3870
3772
3871
3773
3872
3774
3873
3775
3874
3776
3875
3777
3876
3778
3877
3779
3878
3780
3879
3781
3880
3782
3881
3783
3882
3784
3883
3785
3884
3786
3885
3787
3886
3788
3887
3789
3888
3790
3889
3791
3890
3792
3891
3793
3892
3794
3893
3795
3894
3796
3895
3797
3896
3798
3897
3799
3898
3899
3801
3900
3802
3901
3803
3902
3804
3903
3805
3904
3806
3905
3807
3906
3808
3907
3809
3908
3810
3909
3811
3910
3812
3911
3813
3912
3814
3913
3815
3914
3816
3915
3817
3916
3818
3917
3819
3918
3820
3919
3821
3920
3822
3921
3823
3922
3824
3923
3825
3924
3826
3925
3827
3926
3828
3927
3829
3928
3830
3929
3831
3930
3832
3931
3833
3932
3834
3933
3835
3934
3836
3935
3837
3936
3838
3937
3839
3938
3840
3939
3841
3940
3842
3941
3843
3942
3844
3943
3845
3944
3846
3945
3847
3946
3848
3947
3849
3948
3850
3949
3851
3950
3852
3951
3853
3952
3854
3953
3855
3954
3856
3955
3857
3956
3858
3957
3859
3958
3860
3959
3861
3960
3862
3961
3863
3962
3864
3963
3865
3964
3866
3965
3867
3966
3868
3967
3869
3968
3870
3969
3871
3970
3872
3971
3873
3972
3874
3973
3875
3974
3876
3975
3877
3976
3878
3977
3879
3978
3880
3979
3881
3980
3882
3981
3883
3982
3884
3983
3885
3984
3886
3985
3887
3986
3888
3987
3889
3988
3890
3989
3891
3990
3892
3991
3893
3992
3894
3993
3895
3994
3896
3995
3897
3996
3898
3997
3899
3998
3999
3901
3902
3903
3904
3905
3906
3907
3908
3909
3910
3911
3912
3913
3914
3915
3916
3917
3918
3919
3920
3921
3922
3923
3924
3925
3926
3927
3928
3929
3930
3931
3932
3933
3934
3935
3936
3937
3938
3939
3940
3941
3942
3943
3944
3945
3946
3947
3948
3949
3950
3951
3952
3953
3954
3955
3956
3957
3958
3959
3960
3961
3962
3963
3964
3965
3966
3967
3968
3969
3970
3971
3972
3973
3974
3975
3976
3977
3978
3979
3980
3981
3982
3983
3984
3985
3986
3987
3988
3989
3990
3991
3992
3993
3994
3995
3996
3997
3998
3999
4001
4030
4002
4031
4003
4032
4004
4033
4005
4034
4006
4035
4007
4036
4008
4037
4009
4038
4010
4039
4011
4040
4012
4041
4013
4042
4014
4043
4015
4044
4016
4045
4017
4046
4018
4047
4019
4048
4020
4049
4021
4050
4022
4051
4023
4052
4024
4053
4025
4054
4026
4055
4027
4056
4028
4057
4029
4058
4059
4600
4031
4060
4032
4061
4033
4062
4034
4063
4035
4064
4036
4065
4037
4066
4038
4067
4039
4068
4040
4069
4041
4070
4042
4071
4043
4072
4044
4073
4045
4074
4046
4075
4047
4076
4048
4077
4049
4078
4050
4079
4051
4080
4052
4081
4053
4082
4054
4083
4055
4084
4056
4085
4057
4086
4058
4087
4059
4088
4089
4670
4061
4090
4062
4091
4063
4092
4064
4093
4065
4094
4066
4095
4067
4096
4068
4097
4069
4098
4070
4099
4071
4100
4072
4101
4073
4102
4074
4103
4075
4104
4076
4105
4077
4106
4078
4107
4079
4108
4080
4109
4081
4110
4082
4111
4083
4112
4084
4113
4085
4114
4086
4115
4087
4116
4088
4117
4089
4118
4119
4740
4091
4120
4092
4121
4093
4122
4094
4123
4095
4124
4096
4125
4097
4126
4098
4127
4099
4128
4100
4129
4101
4130
4102
4131
4103
4132
4104
4133
4105
4134
4106
4135
4107
4136
4108
4137
4109
4138
4110
4139
4111
4140
4112
4141
4113
4142
4114
4143
4115
4144
4116
4145
4117
4146
4118
4147
4119
4148
4149
4810
4121
4150
4122
4151
4123
4152
4124
4153
4125
4154
4126
4155
4127
4156
4128
4157
4129
4158
4130
4159
4131
4160
4132
4161
4133
4162
4134
4163
4135
4164
4136
4165
4137
4166
4138
4167
4139
4168
4140
4169
4141
4170
4142
4171
4143
4172
4144
4173
4145
4174
4146
4175
4147
4176
4148
4177
4149
4178
4179
4880
4151
4180
4152
4181
4153
4182
4154
4183
4155
4184
4156
4185
4157
4186
4158
4187
4159
4188
4160
4189
4161
4190
4162
4191
4163
4192
4164
4193
4165
4194
4166
4195
4167
4196
4168
4197
4169
4198
4170
4199
4171
4200
4172
4201
4173
4202
4174
4203
4175
4204
4176
4205
4177
4206
4178
4207
4179
4208
4209
4950
4181
4210
4182
4211
4183
4212
4184
4213
4185
4214
4186
4215
4187
4216
4188
4217
4189
4218
4190
4219
4191
4220
4192
4221
4193
4222
4194
4223
4195
4224
4196
4225
4197
4226
4198
4227
4199
4228
4200
4229
4201
4230
4202
4231
4203
4232
4204
4233
4205
4234
4206
4235
4207
4236
4208
4237
4209
4238
4239
5020
4211
4240
4212
4241
4213
4242
4214
4243
4215
4244
4216
4245
4217
4246
4218
4247
4219
4248
4220
4249
4221
4250
4222
4251
4223
4252
4224
4253
4225
4254
4226
4255
4227
4256
4228
4257
4229
4258
4230
4259
4231
4260
4232
4261
4233
4262
4234
4263
4235
4264
4236
4265
4237
4266
4238
4267
4239
4268
4269
5090
4241
4270
4242
4271
4243
4272
4244
4273
4245
4274
4246
4275
4247
4276
4248
4277
4249
4278
4250
4279
4251
4280
4252
4281
4253
4282
4254
4283
4255
4284
4256
4285
4257
4286
4258
4287
4259
4288
4260
4289
4261
4290
4262
4291
4263
4292
4264
4293
4265
4294
4266
4295
4267
4296
4268
4297
4269
4298
4299
5160
4271
4300
4272
4301
4273
4302
4274
4303
4275
4304
4276
4305
4277
4306
4278
4307
4279
4308
4280
4309
4281
4310
4282
4311
4283
4312
4284
4313
4285
4314
4286
4315
4287
4316
4288
4317
4289
4318
4290
4319
4291
4320
4292
4321
4293
4322
4294
4323
4295
4324
4296
4325
4297
4326
4298
4327
4299
4328
4329
5230
4301
4330
4302
4331
4303
4332
4304
4333
4305
4334
4306
4335
4307
4336
4308
4337
4309
4338
4310
4339
4311
4340
4312
4341
4313
4342
4314
4343
4315
4344
4316
4345
4317
4346
4318
4347
4319
4348
4320
4349
4321
4350
4322
4351
4323
4352
4324
4353
4325
4354
4326
4355
4327
4356
4328
4357
4329
4358
4359
5300
4331
4360
4332
4361
4333
4362
4334
4363
4335
4364
4336
4365
4337
4366
4338
4367
4339
4368
4340
4369
4341
4370
4342
4371
4343
4372
4344
4373
4345
4374
4346
4375
4347
4376
4348
4377
4349
4378
4350
4379
4351
4380
4352
4381
4353
4382
4354
4383
4355
4384
4356
4385
4357
4386
4358
4387
4359
4388
4389
5370
4361
4390
4362
4391
4363
4392
4364
4393
4365
4394
4366
4395
4367
4396
4368
4397
4369
4398
4370
4399
4371
4400
4372
4401
4373
4402
4374
4403
4375
4404
4376
4405
4377
4406
4378
4407
4379
4408
4380
4409
4381
4410
4382
4411
4383
4412
4384
4413
4385
4414
4386
4415
4387
4416
4388
4417
4389
4418
4419
5440
4391
4420
4392
4421
4393
4422
4394
4423
4395
4424
4396
4425
4397
4426
4398
4427
4399
4428
4400
4429
4401
4430
4402
4431
4403
4432
4404
4433
4405
4434
4406
4435
4407
4436
4408
4437
4409
4438
4410
4439
4411
4440
4412
4441
4413
4442
4414
4443
4415
4444
4416
4445
4417
4446
4418
4447
4419
4448
4449
5510
4421
4450
4422
4451
4423
4452
4424
4453
4425
4454
4426
4455
4427
4456
4428
4457
4429
4458
4430
4459
4431
4460
4432
4461
4433
4462
4434
4463
4435
4464
4436
4465
4437
4466
4438
4467
4439
4468
4440
4469
4441
4470
4442
4471
4443
4472
4444
4473
4445
4474
4446
4475
4447
4476
4448
4477
4449
4478
4479
5580
4451
4480
4452
4481
4453
4482
4454
4483
4455
4484
4456
4485
4457
4486
4458
4487
4459
4488
4460
4489
4461
4490
4462
4491
4463
4492
4464
4493
4465
4494
4466
4495
4467
4496
4468
4497
4469
4498
4470
4499
4471
4500
4472
4501
4473
4502
4474
4503
4475
4504
4476
4505
4477
4506
4478
4507
4479
4508
4509
5650
4481
4510
4482
4511
4483
4512
4484
4513
4485
4514
4486
4515
4487
4516
4488
4517
4489
4518
4490
4519
4491
4520
4492
4521
4493
4522
4494
4523
4495
4524
4496
4525
4497
4526
4498
4527
4499
4528
4500
4529
4501
4530
4502
4531
4503
4532
4504
4533
4505
4534
4506
4535
4507
4536
4508
4537
4509
4538
4539
5720
4511
4540
4512
4541
4513
4542
4514
4543
4515
4544
4516
4545
4517
4546
4518
4547
4519
4548
4520
4549
4521
4550
4522
4551
4523
4552
4524
4553
4525
4554
4526
4555
4527
4556
4528
4557
4529
4558
4530
4559
4531
4560
4532
4561
4533
4562
4534
4563
4535
4564
4536
4565
4537
4566
4538
4567
4539
4568
4569
5790
4541
4570
4542
4571
4543
4572
4544
4573
4545
4574
4546
4575
4547
4576
4548
4577
4549
4578
4550
4579
4551
4580
4552
4581
4553
4582
4554
4583
4555
4584
4556
4585
4557
4586
4558
4587
4559
4588
4560
4589
4561
4590
4562
4591
4563
4592
4564
4593
4565
4594
4566
4595
4567
4596
4568
4597
4569
4598
4599
5860
4571
4572
4573
4574
4575
4576
4577
4578
4579
4580
4581
4582
4583
4584
4585
4586
4587
4588
4589
4590
4591
4592
4593
4594
4595
4596
4597
4598
4599
5930
4601
4670
4602
4671
4603
4672
4604
4673
4605
4674
4606
4675
4607
4676
4608
4677
4609
4678
4610
4679
4611
4680
4612
4681
4613
4682
4614
4683
4615
4684
4616
4685
4617
4686
4618
4687
4619
4688
4620
4689
4621
4690
4622
4691
4623
4692
4624
4693
4625
4694
4626
4695
4627
4696
4628
4697
4629
4698
4630
4699
4631
4700
4632
4701
4633
4702
4634
4703
4635
4704
4636
4705
4637
4706
4638
4707
4639
4708
4640
4709
4641
4710
4642
4711
4643
4712
4644
4713
4645
4714
4646
4715
4647
4716
4648
4717
4649
4718
4650
4719
4651
4720
4652
4721
4653
4722
4654
4723
4655
4724
4656
4725
4657
4726
4658
4727
4659
4728
4660
4729
4661
4730
4662
4731
4663
4732
4664
4733
4665
4734
4666
4735
4667
4736
4668
4737
4669
4738
4739
6000
4671
4740
4672
4741
4673
4742
4674
4743
4675
4744
4676
4745
4677
4746
4678
4747
4679
4748
4680
4749
4681
4750
4682
4751
4683
4752
4684
4753
4685
4754
4686
4755
4687
4756
4688
4757
4689
4758
4690
4759
4691
4760
4692
4761
4693
4762
4694
4763
4695
4764
4696
4765
4697
4766
4698
4767
4699
4768
4700
4769
4701
4770
4702
4771
4703
4772
4704
4773
4705
4774
4706
4775
4707
4776
4708
4777
4709
4778
4710
4779
4711
4780
4712
4781
4713
4782
4714
4783
4715
4784
4716
4785
4717
4786
4718
4787
4719
4788
4720
4789
4721
4790
4722
4791
4723
4792
4724
4793
4725
4794
4726
4795
4727
4796
4728
4797
4729
4798
4730
4799
4731
4800
4732
4801
4733
4802
4734
4803
4735
4804
4736
4805
4737
4806
4738
4807
4739
4808
4809
6100
4741
4810
4742
4811
4743
4812
4744
4813
4745
4814
4746
4815
4747
4816
4748
4817
4749
4818
4750
4819
4751
4820
4752
4821
4753
4822
4754
4823
4755
4824
4756
4825
4757
4826
4758
4827
4759
4828
4760
4829
4761
4830
4762
4831
4763
4832
4764
4833
4765
4834
4766
4835
4767
4836
4768
4837
4769
4838
4770
4839
4771
4840
4772
4841
4773
4842
4774
4843
4775
4844
4776
4845
4777
4846
4778
4847
4779
4848
4780
4849
4781
4850
4782
4851
4783
4852
4784
4853
4785
4854
4786
4855
4787
4856
4788
4857
4789
4858
4790
4859
4791
4860
4792
4861
4793
4862
4794
4863
4795
4864
4796
4865
4797
4866
4798
4867
4799
4868
4800
4869
4801
4870
4802
4871
4803
4872
4804
4873
4805
4874
4806
4875
4807
4876
4808
4877
4809
4878
4879
6200
4811
4880
4812
4881
4813
4882
4814
4883
4815
4884
4816
4885
4817
4886
4818
4887
4819
4888
4820
4889
4821
4890
4822
4891
4823
4892
4824
4893
4825
4894
4826
4895
4827
4896
4828
4897
4829
4898
4830
4899
4831
4900
4832
4901
4833
4902
4834
4903
4835
4904
4836
4905
4837
4906
4838
4907
4839
4908
4840
4909
4841
4910
4842
4911
4843
4912
4844
4913
4845
4914
4846
4915
4847
4916
4848
4917
4849
4918
4850
4919
4851
4920
4852
4921
4853
4922
4854
4923
4855
4924
4856
4925
4857
4926
4858
4927
4859
4928
4860
4929
4861
4930
4862
4931
4863
4932
4864
4933
4865
4934
4866
4935
4867
4936
4868
4937
4869
4938
4870
4939
4871
4940
4872
4941
4873
4942
4874
4943
4875
4944
4876
4945
4877
4946
4878
4947
4879
4948
4949
6300
4881
4950
4882
4951
4883
4952
4884
4953
4885
4954
4886
4955
4887
4956
4888
4957
4889
4958
4890
4959
4891
4960
4892
4961
4893
4962
4894
4963
4895
4964
4896
4965
4897
4966
4898
4967
4899
4968
4900
4969
4901
4970
4902
4971
4903
4972
4904
4973
4905
4974
4906
4975
4907
4976
4908
4977
4909
4978
4910
4979
4911
4980
4912
4981
4913
4982
4914
4983
4915
4984
4916
4985
4917
4986
4918
4987
4919
4988
4920
4989
4921
4990
4922
4991
4923
4992
4924
4993
4925
4994
4926
4995
4927
4996
4928
4997
4929
4998
4930
4999
4931
5000
4932
5001
4933
5002
4934
5003
4935
5004
4936
5005
4937
5006
4938
5007
4939
5008
4940
5009
4941
5010
4942
5011
4943
5012
4944
5013
4945
5014
4946
5015
4947
5016
4948
5017
4949
5018
5019
6400
4951
5020
4952
5021
4953
5022
4954
5023
4955
5024
4956
5025
4957
5026
4958
5027
4959
5028
4960
5029
4961
5030
4962
5031
4963
5032
4964
5033
4965
5034
4966
5035
4967
5036
4968
5037
4969
5038
4970
5039
4971
5040
4972
5041
4973
5042
4974
5043
4975
5044
4976
5045
4977
5046
4978
5047
4979
5048
4980
5049
4981
5050
4982
5051
4983
5052
4984
5053
4985
5054
4986
5055
4987
5056
4988
5057
4989
5058
4990
5059
4991
5060
4992
5061
4993
5062
4994
5063
4995
5064
4996
5065
4997
5066
4998
5067
4999
5068
5000
5069
5001
5070
5002
5071
5003
5072
5004
5073
5005
5074
5006
5075
5007
5076
5008
5077
5009
5078
5010
5079
5011
5080
5012
5081
5013
5082
5014
5083
5015
5084
5016
5085
5017
5086
5018
5087
5019
5088
5089
6500
5021
5090
5022
5091
5023
5092
5024
5093
5025
5094
5026
5095
5027
5096
5028
5097
5029
5098
5030
5099
5031
5100
5032
5101
5033
5102
5034
5103
5035
5104
5036
5105
5037
5106
5038
5107
5039
5108
5040
5109
5041
5110
5042
5111
5043
5112
5044
5113
5045
5114
5046
5115
5047
5116
5048
5117
5049
5118
5050
5119
5051
5120
5052
5121
5053
5122
5054
5123
5055
5124
5056
5125
5057
5126
5058
5127
5059
5128
5060
5129
5061
5130
5062
5131
5063
5132
5064
5133
5065
5134
5066
5135
5067
5136
5068
5137
5069
5138
5070
5139
5071
5140
5072
5141
5073
5142
5074
5143
5075
5144
5076
5145
5077
5146
5078
5147
5079
5148
5080
5149
5081
5150
5082
5151
5083
5152
5084
5153
5085
5154
5086
5155
5087
5156
5088
5157
5089
5158
5159
6600
5091
5160
5092
5161
5093
5162
5094
5163
5095
5164
5096
5165
5097
5166
5098
5167
5099
5168
5100
5169
5101
5170
5102
5171
5103
5172
5104
5173
5105
5174
5106
5175
5107
5176
5108
5177
5109
5178
5110
5179
5111
5180
5112
5181
5113
5182
5114
5183
5115
5184
5116
5185
5117
5186
5118
5187
5119
5188
5120
5189
5121
5190
5122
5191
5123
5192
5124
5193
5125
5194
5126
5195
5127
5196
5128
5197
5129
5198
5130
5199
5131
5200
5132
5201
5133
5202
5134
5203
5135
5204
5136
5205
5137
5206
5138
5207
5139
5208
5140
5209
5141
5210
5142
5211
5143
5212
5144
5213
5145
5214
5146
5215
5147
5216
5148
5217
5149
5218
5150
5219
5151
5220
5152
5221
5153
5222
5154
5223
5155
5224
5156
5225
5157
5226
5158
5227
5159
5228
5229
6700
5161
5230
5162
5231
5163
5232
5164
5233
5165
5234
5166
5235
5167
5236
5168
5237
5169
5238
5170
5239
5171
5240
5172
5241
5173
5242
5174
5243
5175
5244
5176
5245
5177
5246
5178
5247
5179
5248
5180
5249
5181
5250
5182
5251
5183
5252
5184
5253
5185
5254
5186
5255
5187
5256
5188
5257
5189
5258
5190
5259
5191
5260
5192
5261
5193
5262
5194
5263
5195
5264
5196
5265
5197
5266
5198
5267
5199
5268
5200
5269
5201
5270
5202
5271
5203
5272
5204
5273
5205
5274
5206
5275
5207
5276
5208
5277
5209
5278
5210
5279
5211
5280
5212
5281
5213
5282
5214
5283
5215
5284
5216
5285
5217
5286
5218
5287
5219
5288
5220
5289
5221
5290
5222
5291
5223
5292
5224
5293
5225
5294
5226
5295
5227
5296
5228
5297
5229
5298
5299
6800
5231
5300
5232
5301
5233
5302
5234
5303
5235
5304
5236
5305
5237
5306
5238
5307
5239
5308
5240
5309
5241
5310
5242
5311
5243
5312
5244
5313
5245
5314
5246
5315
5247
5316
5248
5317
5249
5318
5250
5319
5251
5320
5252
5321
5253
5322
5254
5323
5255
5324
5256
5325
5257
5326
5258
5327
5259
5328
5260
5329
5261
5330
5262
5331
5263
5332
5264
5333
5265
5334
5266
5335
5267
5336
5268
5337
5269
5338
5270
5339
5271
5340
5272
5341
5273
5342
5274
5343
5275
5344
5276
5345
5277
5346
5278
5347
5279
5348
5280
5349
5281
5350
5282
5351
5283
5352
5284
5353
5285
5354
5286
5355
5287
5356
5288
5357
5289
5358
5290
5359
5291
5360
5292
5361
5293
5362
5294
5363
5295
5364
5296
5365
5297
5366
5298
5367
5299
5368
5369
6900
5301
5370
5302
5371
5303
5372
5304
5373
5305
5374
5306
5375
5307
5376
5308
5377
5309
5378
5310
5379
5311
5380
5312
5381
5313
5382
5314
5383
5315
5384
5316
5385
5317
5386
5318
5387
5319
5388
5320
5389
5321
5390
5322
5391
5323
5392
5324
5393
5325
5394
5326
5395
5327
5396
5328
5397
5329
5398
5330
5399
5331
5400
5332
5401
5333
5402
5334
5403
5335
5404
5336
5405
5337
5406
5338
5407
5339
5408
5340
5409
5341
5410
5342
5411
5343
5412
5344
5413
5345
5414
5346
5415
5347
5416
5348
5417
5349
5418
5350
5419
5351
5420
5352
5421
5353
5422
5354
5423
5355
5424
5356
5425
5357
5426
5358
5427
5359
5428
5360
5429
5361
5430
5362
5431
5363
5432
5364
5433
5365
5434
5366
5435
5367
5436
5368
5437
5369
5438
5439
7000
5371
5440
5372
5441
5373
5442
5374
5443
5375
5444
5376
5445
5377
5446
5378
5447
5379
5448
5380
5449
5381
5450
5382
5451
5383
5452
5384
5453
5385
5454
5386
5455
5387
5456
5388
5457
5389
5458
5390
5459
5391
5460
5392
5461
5393
5462
5394
5463
5395
5464
5396
5465
5397
5466
5398
5467
5399
5468
5400
5469
5401
5470
5402
5471
5403
5472
5404
5473
5405
5474
5406
5475
5407
5476
5408
5477
5409
5478
5410
5479
5411
5480
5412
5481
5413
5482
5414
5483
5415
5484
5416
5485
5417
5486
5418
5487
5419
5488
5420
5489
5421
5490
5422
5491
5423
5492
5424
5493
5425
5494
5426
5495
5427
5496
5428
5497
5429
5498
5430
5499
5431
5500
5432
5501
5433
5502
5434
5503
5435
5504
5436
5505
5437
5506
5438
5507
5439
5508
5509
7100
5441
5510
5442
5511
5443
5512
5444
5513
5445
5514
5446
5515
5447
5516
5448
5517
5449
5518
5450
5519
5451
5520
5452
5521
5453
5522
5454
5523
5455
5524
5456
5525
5457
5526
5458
5527
5459
5528
5460
5529
5461
5530
5462
5531
5463
5532
5464
5533
5465
5534
5466
5535
5467
5536
5468
5537
5469
5538
5470
5539
5471
5540
5472
5541
5473
5542
5474
5543
5475
5544
5476
5545
5477
5546
5478
5547
5479
5548
5480
5549
5481
5550
5482
5551
5483
5552
5484
5553
5485
5554
5486
5555
5487
5556
5488
5557
5489
5558
5490
5559
5491
5560
5492
5561
5493
5562
5494
5563
5495
5564
5496
5565
5497
5566
5498
5567
5499
5568
5500
5569
5501
5570
5502
5571
5503
5572
5504
5573
5505
5574
5506
5575
5507
5576
5508
5577
5509
5578
5579
7200
5511
5580
5512
5581
5513
5582
5514
5583
5515
5584
5516
5585
5517
5586
5518
5587
5519
5588
5520
5589
5521
5590
5522
5591
5523
5592
5524
5593
5525
5594
5526
5595
5527
5596
5528
5597
5529
5598
5530
5599
5531
5600
5532
5601
5533
5602
5534
5603
5535
5604
5536
5605
5537
5606
5538
5607
5539
5608
5540
5609
5541
5610
5542
5611
5543
5612
5544
5613
5545
5614
5546
5615
5547
5616
5548
5617
5549
5618
5550
5619
5551
5620
5552
5621
5553
5622
5554
5623
5555
5624
5556
5625
5557
5626
5558
5627
5559
5628
5560
5629
5561
5630
5562
5631
5563
5632
5564
5633
5565
5634
5566
5635
5567
5636
5568
5637
5569
5638
5570
5639
5571
5640
5572
5641
5573
5642
5574
5643
5575
5644
5576
5645
5577
5646
5578
5647
5579
5648
5649
7300
5581
5650
5582
5651
5583
5652
5584
5653
5585
5654
5586
5655
5587
5656
5588
5657
5589
5658
5590
5659
5591
5660
5592
5661
5593
5662
5594
5663
5595
5664
5596
5665
5597
5666
5598
5667
5599
5668
5600
5669
5601
5670
5602
5671
5603
5672
5604
5673
5605
5674
5606
5675
5607
5676
5608
5677
5609
5678
5610
5679
5611
5680
5612
5681
5613
5682
5614
5683
5615
5684
5616
5685
5617
5686
5618
5687
5619
5688
5620
5689
5621
5690
5622
5691
5623
5692
5624
5693
5625
5694
5626
5695
5627
5696
5628
5697
5629
5698
5630
5699
5631
5700
5632
5701
5633
5702
5634
5703
5635
5704
5636
5705
5637
5706
5638
5707
5639
5708
5640
5709
5641
5710
5642
5711
5643
5712
5644
5713
5645
5714
5646
5715
5647
5716
5648
5717
5649
5718
5719
7400
5651
5720
5652
5721
5653
5722
5654
5723
5655
5724
5656
5725
5657
5726
5658
5727
5659
5728
5660
5729
5661
5730
5662
5731
5663
5732
5664
5733
5665
5734
5666
5735
5667
5736
5668
5737
5669
5738
5670
5739
5671
5740
5672
5741
5673
5742
5674
5743
5675
5744
5676
5745
5677
5746
5678
5747
5679
5748
5680
5749
5681
5750
5682
5751
5683
5752
5684
5753
5685
5754
5686
5755
5687
5756
5688
5757
5689
5758
5690
5759
5691
5760
5692
5761
5693
5762
5694
5763
5695
5764
5696
5765
5697
5766
5698
5767
5699
5768
5700
5769
5701
5770
5702
5771
5703
5772
5704
5773
5705
5774
5706
5775
5707
5776
5708
5777
5709
5778
5710
5779
5711
5780
5712
5781
5713
5782
5714
5783
5715
5784
5716
5785
5717
5786
5718
5787
5719
5788
5789
7500
5721
5790
5722
5791
5723
5792
5724
5793
5725
5794
5726
5795
5727
5796
5728
5797
5729
5798
5730
5799
5731
5800
5732
5801
5733
5802
5734
5803
5735
5804
5736
5805
5737
5806
5738
5807
5739
5808
5740
5809
5741
5810
5742
5811
5743
5812
5744
5813
5745
5814
5746
5815
5747
5816
5748
5817
5749
5818
5750
5819
5751
5820
5752
5821
5753
5822
5754
5823
5755
5824
5756
5825
5757
5826
5758
5827
5759
5828
5760
5829
5761
5830
5762
5831
5763
5832
5764
5833
5765
5834
5766
5835
5767
5836
5768
5837
5769
5838
5770
5839
5771
5840
5772
5841
5773
5842
5774
5843
5775
5844
5776
5845
5777
5846
5778
5847
5779
5848
5780
5849
5781
5850
5782
5851
5783
5852
5784
5853
5785
5854
5786
5855
5787
5856
5788
5857
5789
5858
5859
7600
5791
5860
5792
5861
5793
5862
5794
5863
5795
5864
5796
5865
5797
5866
5798
5867
5799
5868
5800
5869
5801
5870
5802
5871
5803
5872
5804
5873
5805
5874
5806
5875
5807
5876
5808
5877
5809
5878
5810
5879
5811
5880
5812
5881
5813
5882
5814
5883
5815
5884
5816
5885
5817
5886
5818
5887
5819
5888
5820
5889
5821
5890
5822
5891
5823
5892
5824
5893
5825
5894
5826
5895
5827
5896
5828
5897
5829
5898
5830
5899
5831
5900
5832
5901
5833
5902
5834
5903
5835
5904
5836
5905
5837
5906
5838
5907
5839
5908
5840
5909
5841
5910
5842
5911
5843
5912
5844
5913
5845
5914
5846
5915
5847
5916
5848
5917
5849
5918
5850
5919
5851
5920
5852
5921
5853
5922
5854
5923
5855
5924
5856
5925
5857
5926
5858
5927
5859
5928
5929
7700
5861
5930
5862
5931
5863
5932
5864
5933
5865
5934
5866
5935
5867
5936
5868
5937
5869
5938
5870
5939
5871
5940
5872
5941
5873
5942
5874
5943
5875
5944
5876
5945
5877
5946
5878
5947
5879
5948
5880
5949
5881
5950
5882
5951
5883
5952
5884
5953
5885
5954
5886
5955
5887
5956
5888
5957
5889
5958
5890
5959
5891
5960
5892
5961
5893
5962
5894
5963
5895
5964
5896
5965
5897
5966
5898
5967
5899
5968
5900
5969
5901
5970
5902
5971
5903
5972
5904
5973
5905
5974
5906
5975
5907
5976
5908
5977
5909
5978
5910
5979
5911
5980
5912
5981
5913
5982
5914
5983
5915
5984
5916
5985
5917
5986
5918
5987
5919
5988
5920
5989
5921
5990
5922
5991
5923
5992
5924
5993
5925
5994
5926
5995
5927
5996
5928
5997
5929
5998
5999
7800
5931
5932
5933
5934
5935
5936
5937
5938
5939
5940
5941
5942
5943
5944
5945
5946
5947
5948
5949
5950
5951
5952
5953
5954
5955
5956
5957
5958
5959
5960
5961
5962
5963
5964
5965
5966
5967
5968
5969
5970
5971
5972
5973
5974
5975
5976
5977
5978
5979
5980
5981
5982
5983
5984
5985
5986
5987
5988
5989
5990
5991
5992
5993
5994
5995
5996
5997
5998
5999
7900
6001
6100
6002
6101
6003
6102
6004
6103
6005
6104
6006
6105
6007
6106
6008
6107
6009
6108
6010
6109
6011
6110
6012
6111
6013
6112
6014
6113
6015
6114
6016
6115
6017
6116
6018
6117
6019
6118
6020
6119
6021
6120
6022
6121
6023
6122
6024
6123
6025
6124
6026
6125
6027
6126
6028
6127
6029
6128
6030
6129
6031
6130
6032
6131
6033
6132
6034
6133
6035
6134
6036
6135
6037
6136
6038
6137
6039
6138
6040
6139
6041
6140
6042
6141
6043
6142
6044
6143
6045
6144
6046
6145
6047
6146
6048
6147
6049
6148
6050
6149
6051
6150
6052
6151
6053
6152
6054
6153
6055
6154
6056
6155
6057
6156
6058
6157
6059
6158
6060
6159
6061
6160
6062
6161
6063
6162
6064
6163
6065
6164
6066
6165
6067
6166
6068
6167
6069
6168
6070
6169
6071
6170
6072
6171
6073
6172
6074
6173
6075
6174
6076
6175
6077
6176
6078
6177
6079
6178
6080
6179
6081
6180
6082
6181
6083
6182
6084
6183
6085
6184
6086
6185
6087
6186
6088
6187
6089
6188
6090
6189
6091
6190
6092
6191
6093
6192
6094
6193
6095
6194
6096
6195
6097
6196
6098
6197
6099
6198
6199
6101
6200
6102
6201
6103
6202
6104
6203
6105
6204
6106
6205
6107
6206
6108
6207
6109
6208
6110
6209
6111
6210
6112
6211
6113
6212
6114
6213
6115
6214
6116
6215
6117
6216
6118
6217
6119
6218
6120
6219
6121
6220
6122
6221
6123
6222
6124
6223
6125
6224
6126
6225
6127
6226
6128
6227
6129
6228
6130
6229
6131
6230
6132
6231
6133
6232
6134
6233
6135
6234
6136
6235
6137
6236
6138
6237
6139
6238
6140
6239
6141
6240
6142
6241
6143
6242
6144
6243
6145
6244
6146
6245
6147
6246
6148
6247
6149
6248
6150
6249
6151
6250
6152
6251
6153
6252
6154
6253
6155
6254
6156
6255
6157
6256
6158
6257
6159
6258
6160
6259
6161
6260
6162
6261
6163
6262
6164
6263
6165
6264
6166
6265
6167
6266
6168
6267
6169
6268
6170
6269
6171
6270
6172
6271
6173
6272
6174
6273
6175
6274
6176
6275
6177
6276
6178
6277
6179
6278
6180
6279
6181
6280
6182
6281
6183
6282
6184
6283
6185
6284
6186
6285
6187
6286
6188
6287
6189
6288
6190
6289
6191
6290
6192
6291
6193
6292
6194
6293
6195
6294
6196
6295
6197
6296
6198
6297
6199
6298
6299
6201
6300
6202
6301
6203
6302
6204
6303
6205
6304
6206
6305
6207
6306
6208
6307
6209
6308
6210
6309
6211
6310
6212
6311
6213
6312
6214
6313
6215
6314
6216
6315
6217
6316
6218
6317
6219
6318
6220
6319
6221
6320
6222
6321
6223
6322
6224
6323
6225
6324
6226
6325
6227
6326
6228
6327
6229
6328
6230
6329
6231
6330
6232
6331
6233
6332
6234
6333
6235
6334
6236
6335
6237
6336
6238
6337
6239
6338
6240
6339
6241
6340
6242
6341
6243
6342
6244
6343
6245
6344
6246
6345
6247
6346
6248
6347
6249
6348
6250
6349
6251
6350
6252
6351
6253
6352
6254
6353
6255
6354
6256
6355
6257
6356
6258
6357
6259
6358
6260
6359
6261
6360
6262
6361
6263
6362
6264
6363
6265
6364
6266
6365
6267
6366
6268
6367
6269
6368
6270
6369
6271
6370
6272
6371
6273
6372
6274
6373
6275
6374
6276
6375
6277
6376
6278
6377
6279
6378
6280
6379
6281
6380
6282
6381
6283
6382
6284
6383
6285
6384
6286
6385
6287
6386
6288
6387
6289
6388
6290
6389
6291
6390
6292
6391
6293
6392
6294
6393
6295
6394
6296
6395
6297
6396
6298
6397
6299
6398
6399
6301
6400
6302
6401
6303
6402
6304
6403
6305
6404
6306
6405
6307
6406
6308
6407
6309
6408
6310
6409
6311
6410
6312
6411
6313
6412
6314
6413
6315
6414
6316
6415
6317
6416
6318
6417
6319
6418
6320
6419
6321
6420
6322
6421
6323
6422
6324
6423
6325
6424
6326
6425
6327
6426
6328
6427
6329
6428
6330
6429
6331
6430
6332
6431
6333
6432
6334
6433
6335
6434
6336
6435
6337
6436
6338
6437
6339
6438
6340
6439
6341
6440
6342
6441
6343
6442
6344
6443
6345
6444
6346
6445
6347
6446
6348
6447
6349
6448
6350
6449
6351
6450
6352
6451
6353
6452
6354
6453
6355
6454
6356
6455
6357
6456
6358
6457
6359
6458
6360
6459
6361
6460
6362
6461
6363
6462
6364
6463
6365
6464
6366
6465
6367
6466
6368
6467
6369
6468
6370
6469
6371
6470
6372
6471
6373
6472
6374
6473
6375
6474
6376
6475
6377
6476
6378
6477
6379
6478
6380
6479
6381
6480
6382
6481
6383
6482
6384
6483
6385
6484
6386
6485
6387
6486
6388
6487
6389
6488
6390
6489
6391
6490
6392
6491
6393
6492
6394
6493
6395
6494
6396
6495
6397
6496
6398
6497
6399
6498
6499
6401
6500
6402
6501
6403
6502
6404
6503
6405
6504
6406
6505
6407
6506
6408
6507
6409
6508
6410
6509
6411
6510
6412
6511
6413
6512
6414
6513
6415
6514
6416
6515
6417
6516
6418
6517
6419
6518
6420
6519
6421
6520
6422
6521
6423
6522
6424
6523
6425
6524
6426
6525
6427
6526
6428
6527
6429
6528
6430
6529
6431
6530
6432
6531
6433
6532
6434
6533
6435
6534
6436
6535
6437
6536
6438
6537
6439
6538
6440
6539
6441
6540
6442
6541
6443
6542
6444
6543
6445
6544
6446
6545
6447
6546
6448
6547
6449
6548
6450
6549
6451
6550
6452
6551
6453
6552
6454
6553
6455
6554
6456
6555
6457
6556
6458
6557
6459
6558
6460
6559
6461
6560
6462
6561
6463
6562
6464
6563
6465
6564
6466
6565
6467
6566
6468
6567
6469
6568
6470
6569
6471
6570
6472
6571
6473
6572
6474
6573
6475
6574
6476
6575
6477
6576
6478
6577
6479
6578
6480
6579
6481
6580
6482
6581
6483
6582
6484
6583
6485
6584
6486
6585
6487
6586
6488
6587
6489
6588
6490
6589
6491
6590
6492
6591
6493
6592
6494
6593
6495
6594
6496
6595
6497
6596
6498
6597
6499
6598
6599
6501
6600
6502
6601
6503
6602
6504
6603
6505
6604
6506
6605
6507
6606
6508
6607
6509
6608
6510
6609
6511
6610
6512
6611
6513
6612
6514
6613
6515
6614
6516
6615
6517
6616
6518
6617
6519
6618
6520
6619
6521
6620
6522
6621
6523
6622
6524
6623
6525
6624
6526
6625
6527
6626
6528
6627
6529
6628
6530
6629
6531
6630
6532
6631
6533
6632
6534
6633
6535
6634
6536
6635
6537
6636
6538
6637
6539
6638
6540
6639
6541
6640
6542
6641
6543
6642
6544
6643
6545
6644
6546
6645
6547
6646
6548
6647
6549
6648
6550
6649
6551
6650
6552
6651
6553
6652
6554
6653
6555
6654
6556
6655
6557
6656
6558
6657
6559
6658
6560
6659
6561
6660
6562
6661
6563
6662
6564
6663
6565
6664
6566
6665
6567
6666
6568
6667
6569
6668
6570
6669
6571
6670
6572
6671
6573
6672
6574
6673
6575
6674
6576
6675
6577
6676
6578
6677
6579
6678
6580
6679
6581
6680
6582
6681
6583
6682
6584
6683
6585
6684
6586
6685
6587
6686
6588
6687
6589
6688
6590
6689
6591
6690
6592
6691
6593
6692
6594
6693
6595
6694
6596
6695
6597
6696
6598
6697
6599
6698
6699
6601
6700
6602
6701
6603
6702
6604
6703
6605
6704
6606
6705
6607
6706
6608
6707
6609
6708
6610
6709
6611
6710
6612
6711
6613
6712
6614
6713
6615
6714
6616
6715
6617
6716
6618
6717
6619
6718
6620
6719
6621
6720
6622
6721
6623
6722
6624
6723
6625
6724
6626
6725
6627
6726
6628
6727
6629
6728
6630
6729
6631
6730
6632
6731
6633
6732
6634
6733
6635
6734
6636
6735
6637
6736
6638
6737
6639
6738
6640
6739
6641
6740
6642
6741
6643
6742
6644
6743
6645
6744
6646
6745
6647
6746
6648
6747
6649
6748
6650
6749
6651
6750
6652
6751
6653
6752
6654
6753
6655
6754
6656
6755
6657
6756
6658
6757
6659
6758
6660
6759
6661
6760
6662
6761
6663
6762
6664
6763
6665
6764
6666
6765
6667
6766
6668
6767
6669
6768
6670
6769
6671
6770
6672
6771
6673
6772
6674
6773
6675
6774
6676
6775
6677
6776
6678
6777
6679
6778
6680
6779
6681
6780
6682
6781
6683
6782
6684
6783
6685
6784
6686
6785
6687
6786
6688
6787
6689
6788
6690
6789
6691
6790
6692
6791
6693
6792
6694
6793
6695
6794
6696
6795
6697
6796
6698
6797
6699
6798
6799
6701
6800
6702
6801
6703
6802
6704
6803
6705
6804
6706
6805
6707
6806
6708
6807
6709
6808
6710
6809
6711
6810
6712
6811
6713
6812
6714
6813
6715
6814
6716
6815
6717
6816
6718
6817
6719
6818
6720
6819
6721
6820
6722
6821
6723
6822
6724
6823
6725
6824
6726
6825
6727
6826
6728
6827
6729
6828
6730
6829
6731
6830
6732
6831
6733
6832
6734
6833
6735
6834
6736
6835
6737
6836
6738
6837
6739
6838
6740
6839
6741
6840
6742
6841
6743
6842
6744
6843
6745
6844
6746
6845
6747
6846
6748
6847
6749
6848
6750
6849
6751
6850
6752
6851
6753
6852
6754
6853
6755
6854
6756
6855
6757
6856
6758
6857
6759
6858
6760
6859
6761
6860
6762
6861
6763
6862
6764
6863
6765
6864
6766
6865
6767
6866
6768
6867
6769
6868
6770
6869
6771
6870
6772
6871
6773
6872
6774
6873
6775
6874
6776
6875
6777
6876
6778
6877
6779
6878
6780
6879
6781
6880
6782
6881
6783
6882
6784
6883
6785
6884
6786
6885
6787
6886
6788
6887
6789
6888
6790
6889
6791
6890
6792
6891
6793
6892
6794
6893
6795
6894
6796
6895
6797
6896
6798
6897
6799
6898
6899
6801
6900
6802
6901
6803
6902
6804
6903
6805
6904
6806
6905
6807
6906
6808
6907
6809
6908
6810
6909
6811
6910
6812
6911
6813
6912
6814
6913
6815
6914
6816
6915
6817
6916
6818
6917
6819
6918
6820
6919
6821
6920
6822
6921
6823
6922
6824
6923
6825
6924
6826
6925
6827
6926
6828
6927
6829
6928
6830
6929
6831
6930
6832
6931
6833
6932
6834
6933
6835
6934
6836
6935
6837
6936
6838
6937
6839
6938
6840
6939
6841
6940
6842
6941
6843
6942
6844
6943
6845
6944
6846
6945
6847
6946
6848
6947
6849
6948
6850
6949
6851
6950
6852
6951
6853
6952
6854
6953
6855
6954
6856
6955
6857
6956
6858
6957
6859
6958
6860
6959
6861
6960
6862
6961
6863
6962
6864
6963
6865
6964
6866
6965
6867
6966
6868
6967
6869
6968
6870
6969
6871
6970
6872
6971
6873
6972
6874
6973
6875
6974
6876
6975
6877
6976
6878
6977
6879
6978
6880
6979
6881
6980
6882
6981
6883
6982
6884
6983
6885
6984
6886
6985
6887
6986
6888
6987
6889
6988
6890
6989
6891
6990
6892
6991
6893
6992
6894
6993
6895
6994
6896
6995
6897
6996
6898
6997
6899
6998
6999
6901
7000
6902
7001
6903
7002
6904
7003
6905
7004
6906
7005
6907
7006
6908
7007
6909
7008
6910
7009
6911
7010
6912
7011
6913
7012
6914
7013
6915
7014
6916
7015
6917
7016
6918
7017
6919
7018
6920
7019
6921
7020
6922
7021
6923
7022
6924
7023
6925
7024
6926
7025
6927
7026
6928
7027
6929
7028
6930
7029
6931
7030
6932
7031
6933
7032
6934
7033
6935
7034
6936
7035
6937
7036
6938
7037
6939
7038
6940
7039
6941
7040
6942
7041
6943
7042
6944
7043
6945
7044
6946
7045
6947
7046
6948
7047
6949
7048
6950
7049
6951
7050
6952
7051
6953
7052
6954
7053
6955
7054
6956
7055
6957
7056
6958
7057
6959
7058
6960
7059
6961
7060
6962
7061
6963
7062
6964
7063
6965
7064
6966
7065
6967
7066
6968
7067
6969
7068
6970
7069
6971
7070
6972
7071
6973
7072
6974
7073
6975
7074
6976
7075
6977
7076
6978
7077
6979
7078
6980
7079
6981
7080
6982
7081
6983
7082
6984
7083
6985
7084
6986
7085
6987
7086
6988
7087
6989
7088
6990
7089
6991
7090
6992
7091
6993
7092
6994
7093
6995
7094
6996
7095
6997
7096
6998
7097
6999
7098
7099
7001
7100
7002
7101
7003
7102
7004
7103
7005
7104
7006
7105
7007
7106
7008
7107
7009
7108
7010
7109
7011
7110
7012
7111
7013
7112
7014
7113
7015
7114
7016
7115
7017
7116
7018
7117
7019
7118
7020
7119
7021
7120
7022
7121
7023
7122
7024
7123
7025
7124
7026
7125
7027
7126
7028
7127
7029
7128
7030
7129
7031
7130
7032
7131
7033
7132
7034
7133
7035
7134
7036
7135
7037
7136
7038
7137
7039
7138
7040
7139
7041
7140
7042
7141
7043
7142
7044
7143
7045
7144
7046
7145
7047
7146
7048
7147
7049
7148
7050
7149
7051
7150
7052
7151
7053
7152
7054
7153
7055
7154
7056
7155
7057
7156
7058
7157
7059
7158
7060
7159
7061
7160
7062
7161
7063
7162
7064
7163
7065
7164
7066
7165
7067
7166
7068
7167
7069
7168
7070
7169
7071
7170
7072
7171
7073
7172
7074
7173
7075
7174
7076
7175
7077
7176
7078
7177
7079
7178
7080
7179
7081
7180
7082
7181
7083
7182
7084
7183
7085
7184
7086
7185
7087
7186
7088
7187
7089
7188
7090
7189
7091
7190
7092
7191
7093
7192
7094
7193
7095
7194
7096
7195
7097
7196
7098
7197
7099
7198
7199
7101
7200
7102
7201
7103
7202
7104
7203
7105
7204
7106
7205
7107
7206
7108
7207
7109
7208
7110
7209
7111
7210
7112
7211
7113
7212
7114
7213
7115
7214
7116
7215
7117
7216
7118
7217
7119
7218
7120
7219
7121
7220
7122
7221
7123
7222
7124
7223
7125
7224
7126
7225
7127
7226
7128
7227
7129
7228
7130
7229
7131
7230
7132
7231
7133
7232
7134
7233
7135
7234
7136
7235
7137
7236
7138
7237
7139
7238
7140
7239
7141
7240
7142
7241
7143
7242
7144
7243
7145
7244
7146
7245
7147
7246
7148
7247
7149
7248
7150
7249
7151
7250
7152
7251
7153
7252
7154
7253
7155
7254
7156
7255
7157
7256
7158
7257
7159
7258
7160
7259
7161
7260
7162
7261
7163
7262
7164
7263
7165
7264
7166
7265
7167
7266
7168
7267
7169
7268
7170
7269
7171
7270
7172
7271
7173
7272
7174
7273
7175
7274
7176
7275
7177
7276
7178
7277
7179
7278
7180
7279
7181
7280
7182
7281
7183
7282
7184
7283
7185
7284
7186
7285
7187
7286
7188
7287
7189
7288
7190
7289
7191
7290
7192
7291
7193
7292
7194
7293
7195
7294
7196
7295
7197
7296
7198
7297
7199
7298
7299
7201
7300
7202
7301
7203
7302
7204
7303
7205
7304
7206
7305
7207
7306
7208
7307
7209
7308
7210
7309
7211
7310
7212
7311
7213
7312
7214
7313
7215
7314
7216
7315
7217
7316
7218
7317
7219
7318
7220
7319
7221
7320
7222
7321
7223
7322
7224
7323
7225
7324
7226
7325
7227
7326
7228
7327
7229
7328
7230
7329
7231
7330
7232
7331
7233
7332
7234
7333
7235
7334
7236
7335
7237
7336
7238
7337
7239
7338
7240
7339
7241
7340
7242
7341
7243
7342
7244
7343
7245
7344
7246
7345
7247
7346
7248
7347
7249
7348
7250
7349
7251
7350
7252
7351
7253
7352
7254
7353
7255
7354
7256
7355
7257
7356
7258
7357
7259
7358
7260
7359
7261
7360
7262
7361
7263
7362
7264
7363
7265
7364
7266
7365
7267
7366
7268
7367
7269
7368
7270
7369
7271
7370
7272
7371
7273
7372
7274
7373
7275
7374
7276
7375
7277
7376
7278
7377
7279
7378
7280
7379
7281
7380
7282
7381
7283
7382
7284
7383
7285
7384
7286
7385
7287
7386
7288
7387
7289
7388
7290
7389
7291
7390
7292
7391
7293
7392
7294
7393
7295
7394
7296
7395
7297
7396
7298
7397
7299
7398
7399
7301
7400
7302
7401
7303
7402
7304
7403
7305
7404
7306
7405
7307
7406
7308
7407
7309
7408
7310
7409
7311
7410
7312
7411
7313
7412
7314
7413
7315
7414
7316
7415
7317
7416
7318
7417
7319
7418
7320
7419
7321
7420
7322
7421
7323
7422
7324
7423
7325
7424
7326
7425
7327
7426
7328
7427
7329
7428
7330
7429
7331
7430
7332
7431
7333
7432
7334
7433
7335
7434
7336
7435
7337
7436
7338
7437
7339
7438
7340
7439
7341
7440
7342
7441
7343
7442
7344
7443
7345
7444
7346
7445
7347
7446
7348
7447
7349
7448
7350
7449
7351
7450
7352
7451
7353
7452
7354
7453
7355
7454
7356
7455
7357
7456
7358
7457
7359
7458
7360
7459
7361
7460
7362
7461
7363
7462
7364
7463
7365
7464
7366
7465
7367
7466
7368
7467
7369
7468
7370
7469
7371
7470
7372
7471
7373
7472
7374
7473
7375
7474
7376
7475
7377
7476
7378
7477
7379
7478
7380
7479
7381
7480
7382
7481
7383
7482
7384
7483
7385
7484
7386
7485
7387
7486
7388
7487
7389
7488
7390
7489
7391
7490
7392
7491
7393
7492
7394
7493
7395
7494
7396
7495
7397
7496
7398
7497
7399
7498
7499
7401
7500
7402
7501
7403
7502
7404
7503
7405
7504
7406
7505
7407
7506
7408
7507
7409
7508
7410
7509
7411
7510
7412
7511
7413
7512
7414
7513
7415
7514
7416
7515
7417
7516
7418
7517
7419
7518
7420
7519
7421
7520
7422
7521
7423
7522
7424
7523
7425
7524
7426
7525
7427
7526
7428
7527
7429
7528
7430
7529
7431
7530
7432
7531
7433
7532
7434
7533
7435
7534
7436
7535
7437
7536
7438
7537
7439
7538
7440
7539
7441
7540
7442
7541
7443
7542
7444
7543
7445
7544
7446
7545
7447
7546
7448
7547
7449
7548
7450
7549
7451
7550
7452
7551
7453
7552
7454
7553
7455
7554
7456
7555
7457
7556
7458
7557
7459
7558
7460
7559
7461
7560
7462
7561
7463
7562
7464
7563
7465
7564
7466
7565
7467
7566
7468
7567
7469
7568
7470
7569
7471
7570
7472
7571
7473
7572
7474
7573
7475
7574
7476
7575
7477
7576
7478
7577
7479
7578
7480
7579
7481
7580
7482
7581
7483
7582
7484
7583
7485
7584
7486
7585
7487
7586
7488
7587
7489
7588
7490
7589
7491
7590
7492
7591
7493
7592
7494
7593
7495
7594
7496
7595
7497
7596
7498
7597
7499
7598
7599
7501
7600
7502
7601
7503
7602
7504
7603
7505
7604
7506
7605
7507
7606
7508
7607
7509
7608
7510
7609
7511
7610
7512
7611
7513
7612
7514
7613
7515
7614
7516
7615
7517
7616
7518
7617
7519
7618
7520
7619
7521
7620
7522
7621
7523
7622
7524
7623
7525
7624
7526
7625
7527
7626
7528
7627
7529
7628
7530
7629
7531
7630
7532
7631
7533
7632
7534
7633
7535
7634
7536
7635
7537
7636
7538
7637
7539
7638
7540
7639
7541
7640
7542
7641
7543
7642
7544
7643
7545
7644
7546
7645
7547
7646
7548
7647
7549
7648
7550
7649
7551
7650
7552
7651
7553
7652
7554
7653
7555
7654
7556
7655
7557
7656
7558
7657
7559
7658
7560
7659
7561
7660
7562
7661
7563
7662
7564
7663
7565
7664
7566
7665
7567
7666
7568
7667
7569
7668
7570
7669
7571
7670
7572
7671
7573
7672
7574
7673
7575
7674
7576
7675
7577
7676
7578
7677
7579
7678
7580
7679
7581
7680
7582
7681
7583
7682
7584
7683
7585
7684
7586
7685
7587
7686
7588
7687
7589
7688
7590
7689
7591
7690
7592
7691
7593
7692
7594
7693
7595
7694
7596
7695
7597
7696
7598
7697
7599
7698
7699
7601
7700
7602
7701
7603
7702
7604
7703
7605
7704
7606
7705
7607
7706
7608
7707
7609
7708
7610
7709
7611
7710
7612
7711
7613
7712
7614
7713
7615
7714
7616
7715
7617
7716
7618
7717
7619
7718
7620
7719
7621
7720
7622
7721
7623
7722
7624
7723
7625
7724
7626
7725
7627
7726
7628
7727
7629
7728
7630
7729
7631
7730
7632
7731
7633
7732
7634
7733
7635
7734
7636
7735
7637
7736
7638
7737
7639
7738
7640
7739
7641
7740
7642
7741
7643
7742
7644
7743
7645
7744
7646
7745
7647
7746
7648
7747
7649
7748
7650
7749
7651
7750
7652
7751
7653
7752
7654
7753
7655
7754
7656
7755
7657
7756
7658
7757
7659
7758
7660
7759
7661
7760
7662
7761
7663
7762
7664
7763
7665
7764
7666
7765
7667
7766
7668
7767
7669
7768
7670
7769
7671
7770
7672
7771
7673
7772
7674
7773
7675
7774
7676
7775
7677
7776
7678
7777
7679
7778
7680
7779
7681
7780
7682
7781
7683
7782
7684
7783
7685
7784
7686
7785
7687
7786
7688
7787
7689
7788
7690
7789
7691
7790
7692
7791
7693
7792
7694
7793
7695
7794
7696
7795
7697
7796
7698
7797
7699
7798
7799
7701
7800
7702
7801
7703
7802
7704
7803
7705
7804
7706
7805
7707
7806
7708
7807
7709
7808
7710
7809
7711
7810
7712
7811
7713
7812
7714
7813
7715
7814
7716
7815
7717
7816
7718
7817
7719
7818
7720
7819
7721
7820
7722
7821
7723
7822
7724
7823
7725
7824
7726
7825
7727
7826
7728
7827
7729
7828
7730
7829
7731
7830
7732
7831
7733
7832
7734
7833
7735
7834
7736
7835
7737
7836
7738
7837
7739
7838
7740
7839
7741
7840
7742
7841
7743
7842
7744
7843
7745
7844
7746
7845
7747
7846
7748
7847
7749
7848
7750
7849
7751
7850
7752
7851
7753
7852
7754
7853
7755
7854
7756
7855
7757
7856
7758
7857
7759
7858
7760
7859
7761
7860
7762
7861
7763
7862
7764
7863
7765
7864
7766
7865
7767
7866
7768
7867
7769
7868
7770
7869
7771
7870
7772
7871
7773
7872
7774
7873
7775
7874
7776
7875
7777
7876
7778
7877
7779
7878
7780
7879
7781
7880
7782
7881
7783
7882
7784
7883
7785
7884
7786
7885
7787
7886
7788
7887
7789
7888
7790
7889
7791
7890
7792
7891
7793
7892
7794
7893
7795
7894
7796
7895
7797
7896
7798
7897
7799
7898
7899
7801
7900
7802
7901
7803
7902
7804
7903
7805
7904
7806
7905
7807
7906
7808
7907
7809
7908
7810
7909
7811
7910
7812
7911
7813
7912
7814
7913
7815
7914
7816
7915
7817
7916
7818
7917
7819
7918
7820
7919
7821
7920
7822
7921
7823
7922
7824
7923
7825
7924
7826
7925
7827
7926
7828
7927
7829
7928
7830
7929
7831
7930
7832
7931
7833
7932
7834
7933
7835
7934
7836
7935
7837
7936
7838
7937
7839
7938
7840
7939
7841
7940
7842
7941
7843
7942
7844
7943
7845
7944
7846
7945
7847
7946
7848
7947
7849
7948
7850
7949
7851
7950
7852
7951
7853
7952
7854
7953
7855
7954
7856
7955
7857
7956
7858
7957
7859
7958
7860
7959
7861
7960
7862
7961
7863
7962
7864
7963
7865
7964
7866
7965
7867
7966
7868
7967
7869
7968
7870
7969
7871
7970
7872
7971
7873
7972
7874
7973
7875
7974
7876
7975
7877
7976
7878
7977
7879
7978
7880
7979
7881
7980
7882
7981
7883
7982
7884
7983
7885
7984
7886
7985
7887
7986
7888
7987
7889
7988
7890
7989
7891
7990
7892
7991
7893
7992
7894
7993
7895
7994
7896
7995
7897
7996
7898
7997
7899
7998
7999
7901
7902
7903
7904
7905
7906
7907
7908
7909
7910
7911
7912
7913
7914
7915
7916
7917
7918
7919
7920
7921
7922
7923
7924
7925
7926
7927
7928
7929
7930
7931
7932
7933
7934
7935
7936
7937
7938
7939
7940
7941
7942
7943
7944
7945
7946
7947
7948
7949
7950
7951
7952
7953
7954
7955
7956
7957
7958
7959
7960
7961
7962
7963
7964
7965
7966
7967
7968
7969
7970
7971
7972
7973
7974
7975
7976
7977
7978
7979
7980
7981
7982
7983
7984
7985
7986
7987
7988
7989
7990
7991
7992
7993
7994
7995
7996
7997
7998
7999
)


// ************************************************************************* //
